2.3188	8.0641	0.1467	2.9894	1.7453	3.0796	4.3355	3.6514	1.6551	0.684	8.322	9.1542	0.029	8.0984	2.826	0.2097	3.0659	16.182	1.4743	12.47
1.8371	7.3568	0.2397	4.7381	2.7741	4.0758	3.5998	5.8899	2.4706	0.9682	6.5495	14.9277	0.0434	6.1531	4.3818	0.2061	3.9648	19.0448	2.2429	21.7796
1.4886	6.3673	0.2463	4.3922	2.6177	3.6573	2.885	4.9941	2.0764	1.1398	5.1438	13.3726	0.055	4.9165	4.4104	0.15	3.5801	15.4424	2.317	22.2238
2.5868	7.1783	0.114	3.3456	1.916	2.7983	4.0051	4.3535	1.959	0.279	7.5118	10.1036	0.0285	6.9086	3.0511	0.2107	2.7203	21.4637	1.6237	13.3942
1.8996	6.3159	0.1537	3.8495	2.2434	3.2737	3.4102	4.4792	1.9948	0.5782	6.3891	10.9733	0.0394	6.1697	3.5513	0.1748	3.1925	18.1867	1.8615	15.8166
2.0162	6.3277	0.1906	3.217	1.876	2.8313	3.1945	4.5385	1.8718	0.8634	5.5717	11.5783	0.0334	5.3485	3.0596	0.2003	2.7244	16.9203	1.6814	18.0503
1.5812	6.1218	0.1509	3.261	1.9066	3.0388	3.3032	3.8997	1.8275	0.6236	6.2183	9.6064	0.0293	5.9055	2.9778	0.1675	3.0139	14.3296	1.5552	13.7277
2.5677	6.8769	0.0766	1.7577	0.9932	1.9359	4.3141	3.8378	1.6644	0.1393	7.6892	8.1367	0.0127	7.0208	1.4767	0.2395	1.9024	18.1974	0.9026	9.3137
2.7282	7.6957	0.096	1.8189	0.9977	1.724	4.5779	3.8168	1.625	0.158	8.5725	7.8762	0.0095	7.5997	1.2353	0.2305	1.6684	18.4756	0.8004	9.6646
2.585	7.4596	0.0768	1.104	0.6159	1.5467	4.5554	2.592	1.1532	0.2594	8.2677	5.3457	0.0072	7.6742	0.9465	0.24	1.5806	15.8977	0.522	6.4833
2.6399	7.2206	0.0764	1.7679	1.0263	1.8942	4.3123	2.6575	1.1252	0.2221	8.1618	6.2343	0.0202	7.6553	1.5739	0.2201	1.8898	15.1927	0.9475	6.5655
2.0945	6.7129	0.0877	1.4187	0.7937	1.7477	4.1918	3.0738	1.3706	0.1586	7.756	6.5283	0.0112	6.9932	1.1186	0.2026	1.721	14.6919	0.6931	8.5934
2.6087	7.4631	0.0593	0.8877	0.489	1.3451	4.6327	2.1809	1.0093	0.1358	8.5598	4.3834	0.0054	7.8708	0.7113	0.2302	1.3768	14.8364	0.411	6.4684
2.501	6.9644	0.05	0.785	0.4469	1.0693	4.3244	1.7061	0.7309	0.1757	8.0654	3.699	0.0052	7.5187	0.5968	0.2106	1.1035	13.8011	0.3594	3.2622
2.9078	7.6499	0.0679	1.5206	0.8368	1.6168	4.8465	3.5858	1.4923	0.0737	8.866	7.157	0.0097	8.067	1.1905	0.258	1.5899	17.3325	0.7442	6.7367
2.561	7.9701	0.0583	0.9526	0.53	1.5463	5.1193	2.532	1.1018	0.1994	9.4262	4.8017	0.0064	8.8309	0.783	0.2412	1.6297	14.7072	0.4688	3.6288
2.6997	7.5792	0.0826	1.9177	1.0584	1.9435	4.6599	3.6404	1.6385	0.196	8.5733	7.8955	0.0104	7.8152	1.5804	0.2379	1.8981	17.8692	0.9298	8.3624
2.5105	9.2831	0.1165	0.9954	0.5615	1.8341	4.8471	2.2346	1.0991	0.7121	9.1878	4.8232	0.0046	8.6734	1.4229	0.2261	1.9257	13.8187	0.4546	5.643
2.5187	8.4195	0.1353	2.5399	1.3889	2.6582	4.6749	4.2322	1.8167	0.4803	8.7321	9.1176	0.0196	8.3741	2.2622	0.2323	2.628	17.3513	1.0919	9.5586
2.3461	7.5166	0.1454	3.8036	2.179	3.4263	4.1528	5.0132	2.3511	0.4319	7.8445	10.9581	0.026	7.3045	3.3594	0.2138	3.3687	18.8948	1.7555	13.7957
3.0682	9.0382	0.198	3.3767	2.0637	3.1283	5.0039	3.9779	1.4253	0.7241	9.3294	9.6752	0.0561	8.7305	3.2515	0.2645	3.1155	17.2405	1.8087	13.9512
2.2495	7.9723	0.1613	3.1708	1.8843	3.0448	4.4535	3.7385	1.655	0.6172	8.4784	9.2566	0.034	7.8968	3.0064	0.2093	3.0504	15.7994	1.5173	13.9919
1.9713	7.1941	0.2242	4.1613	2.4908	4.0128	3.5967	5.212	2.0903	0.91	6.4976	13.2204	0.0612	6.2769	4.3976	0.2072	3.9607	17.5849	2.3577	17.872
1.6859	7.576	0.3202	4.8235	2.9394	4.0801	2.9981	5.2467	2.1079	1.6676	5.2669	14.4401	0.0595	5.0299	5.1875	0.175	3.9776	17.2057	2.5425	24.1874
1.9304	7.9236	0.3425	5.8499	3.4576	5.3425	3.4003	6.537	2.6038	1.574	6.3113	17.0782	0.0734	6.6624	5.6249	0.2211	5.1936	21.1674	2.9459	22.5965
2.546	7.7073	0.2659	5.1574	3.028	4.193	3.6648	6.489	2.4994	0.9543	6.662	15.5926	0.0589	6.4443	4.6463	0.2428	4.0789	23.0956	2.5837	22.0412
1.8115	7.1022	0.2623	5.4891	3.221	4.3869	3.7407	6.5308	2.6641	0.9414	6.8213	16.3634	0.0537	6.3655	4.6684	0.1943	4.2334	20.1338	2.6098	21.7481
2.381	7.2667	0.2209	4.0511	2.3724	3.6565	4.0514	5.6775	2.2942	0.8679	6.8773	14.2974	0.0406	6.5297	3.6139	0.2503	3.5254	20.805	2.0248	20.085
1.7466	5.4132	0.216	4.7363	2.723	3.6955	3.0656	7.0728	2.8058	0.4503	5.4938	17.1259	0.0502	4.7003	3.8724	0.186	3.4183	20.6945	2.3917	23.3441
1.9991	6.4476	0.2229	3.4135	2.026	3.0402	3.6204	5.7351	1.9701	0.8678	6.0744	13.5366	0.0421	5.6646	3.0706	0.2255	2.9188	17.5244	1.8679	17.9426
2.2323	6.7967	0.1746	3.8015	2.1918	3.1824	3.6885	5.2152	2.0859	0.6248	6.5135	12.6853	0.036	6.0739	3.497	0.2222	3.0843	20.4155	1.8398	18.4834
2.471	6.7365	0.0985	2.0361	1.1902	2.0227	3.9388	3.0237	1.2891	0.3938	7.3437	7.9221	0.0219	6.7909	1.8992	0.2059	1.9552	15.8633	1.1078	8.8864
2.4704	6.6638	0.0844	2.4544	1.3671	2.1589	3.8952	3.6024	1.594	0.1114	7.3285	7.9597	0.0154	6.7644	1.6765	0.2086	2.0981	18.6195	0.9211	10.1817
2.7632	6.8798	0.1139	2.8563	1.6302	2.3991	4.3182	5.0566	2.0241	0.2118	7.4242	10.8794	0.0234	6.7984	2.2885	0.2547	2.3182	20.9572	1.3071	11.9691
2.494	6.9628	0.0896	1.3154	0.7546	1.6359	4.0098	2.8202	1.2544	0.3415	7.3624	6.4063	0.0121	6.881	1.1676	0.2249	1.6156	15.4893	0.6849	6.7903
2.5557	7.6525	0.1119	1.9873	1.0805	1.9953	4.3954	4.3695	1.9325	0.1453	8.2489	9.2134	0.011	7.1857	1.5178	0.2307	1.9052	19.3632	0.9133	12.0269
2.492	6.4686	0.0632	1.7008	0.9619	1.5443	4.0027	3.094	1.2531	0.09	7.3605	6.614	0.0145	6.763	1.4195	0.2095	1.5191	16.957	0.8203	9.1565
2.6421	7.6181	0.0591	0.5236	0.2857	1.0338	4.6355	2.0416	0.9027	0.154	8.6078	3.9652	0.0026	7.6798	0.5211	0.2263	1.0651	14.0101	0.3031	6.3027
2.1737	6.5117	0.094	1.7228	0.9686	1.7145	3.9847	3.3894	1.394	0.2091	7.293	7.2278	0.0111	6.5835	1.2217	0.2016	1.6849	15.1861	0.7137	8.5634
2.9769	7.6198	0.0563	0.6889	0.4034	1.1497	4.4454	1.6529	0.773	0.2577	8.3794	3.4387	0.0088	7.9012	0.736	0.242	1.1992	14.4266	0.4285	4.1842
2.5919	7.7406	0.068	1.1224	0.6194	1.4711	4.4146	2.2416	1.0615	0.2419	8.4239	4.5881	0.0021	7.8676	0.8567	0.2176	1.5125	14.1815	0.3642	4.4344
3.0207	8.1448	0.0826	1.1531	0.6508	1.4856	4.799	2.3338	1.163	0.2951	8.8551	5.2107	0.0062	8.1389	0.9558	0.2629	1.4712	18.2577	0.5532	6.6138
2.3963	7.3214	0.0566	0.9082	0.5167	1.4149	4.2072	1.3074	0.6958	0.2979	8.2154	2.8059	0.0067	7.9993	0.8458	0.1967	1.4895	11.7854	0.3861	3.0356
2.6453	8.5525	0.125	1.6753	0.9727	2.3634	4.7125	3.2021	1.6271	0.5668	8.5343	7.12	0.0161	7.9385	1.9188	0.2597	2.3927	16.8915	0.9697	8.2094
2.8204	7.8273	0.1252	2.3478	1.3121	2.4477	4.713	5.048	2.0724	0.3412	8.3623	10.5238	0.0166	7.6125	1.958	0.2742	2.3932	19.5619	1.1873	11.3214
1.9207	7.2674	0.1163	2.0588	1.2245	2.5764	4.1848	2.9901	1.3884	0.5592	7.8884	6.886	0.0225	7.7143	2.2131	0.1998	2.6323	12.7408	1.1316	8.8222
2.0983	7.3424	0.2198	4.3001	2.4836	3.8159	3.8918	5.6839	2.5034	0.8924	6.7775	13.6011	0.0373	6.3135	3.864	0.2314	3.682	22.4517	2.0301	19.9292
1.8714	6.8706	0.2509	4.3156	2.5398	3.912	3.1436	5.7373	2.1637	1.0565	5.4418	14.2126	0.0517	5.226	4.3682	0.1956	3.8165	18.1271	2.1391	21.125
1.7709	6.62	0.2576	5.3015	3.0809	3.9744	3.3508	5.7739	2.3162	0.974	6.3673	15.9109	0.0556	5.87	4.4958	0.1638	3.7787	18.3762	2.5187	24.8042
2.5148	8.9275	0.1906	2.9715	1.783	3.3527	4.8049	3.9955	1.7401	1.0684	8.6657	10.0073	0.0343	8.6125	3.1953	0.2659	3.4018	17.694	1.6706	11.532
1.9047	6.6404	0.2976	6.3607	3.7997	4.7321	3.5228	7.761	2.9728	1.0125	6.1544	20.0212	0.0727	5.6227	5.7511	0.1866	4.471	22.3814	3.2343	27.8326
1.9159	8.0055	0.3234	6.2075	3.6625	5.158	3.5243	7.6958	3.1642	1.0507	6.6527	18.7755	0.0666	6.0295	5.8204	0.185	4.9539	21.6074	3.037	26.6679
1.5711	7.1494	0.3049	5.0678	2.9961	4.2756	3.082	6.2419	2.4772	1.2171	5.5583	15.4089	0.0604	5.2124	4.8713	0.1806	4.1736	17.4891	2.5138	25.0246
1.9313	6.459	0.2513	5.6697	3.3399	4.5468	3.1795	6.5708	2.5574	0.9413	5.6745	16.6194	0.0589	5.5135	5.1291	0.1939	4.3827	20.2506	2.5919	21.6842
1.7976	6.1367	0.217	4.364	2.5155	3.7649	3.1815	7.2537	2.9196	0.7271	5.2239	16.8254	0.0421	4.752	4.1247	0.2125	3.5924	22.6064	2.2692	23.0243
0.6242	2.9945	0.2355	6.6563	3.8199	4.6087	1.3929	8.2276	3.2949	0.3714	2.5657	20.1068	0.0684	2.0375	5.5963	0.0822	4.2842	21.3789	3.2055	34.0042
2.4753	6.8879	0.109	2.9841	1.7192	2.5292	4.2039	4.1949	1.8061	0.308	7.6133	9.6965	0.0248	7.1446	2.5754	0.2297	2.4778	18.4572	1.3889	11.0669
3.0948	8.3506	0.1052	1.5571	0.8843	1.7687	5.147	3.6462	1.4864	0.3326	9.3257	8.0555	0.0146	8.3231	1.2302	0.2791	1.7247	18.6001	0.8743	9.4477
2.14	6.1996	0.1403	2.9402	1.712	2.535	3.5543	4.4006	1.8579	0.4931	6.2185	10.2385	0.0269	5.7827	2.7174	0.2052	2.4604	17.9611	1.4981	12.1666
2.1508	6.5118	0.0961	2.3838	1.3776	2.2056	3.9421	3.3419	1.4361	0.2624	7.4722	7.882	0.0212	6.9503	1.9511	0.1785	2.1134	15.3077	1.0392	10.3188
2.6461	7.7762	0.0922	1.4059	0.8055	1.8523	4.515	2.5816	1.1502	0.3823	8.4756	5.5967	0.0115	8.1482	1.1921	0.2397	1.8803	15.4149	0.6517	6.9859
2.2239	7.3217	0.085	1.5954	0.8761	1.8033	4.4876	2.8876	1.3623	0.2053	8.4672	6.2622	0.0083	7.69	1.1387	0.2029	1.8039	15.1025	0.6399	8.5712
2.1175	7.4777	0.093	1.6376	0.9313	1.9603	4.738	2.9809	1.4297	0.31	8.798	6.6373	0.0098	8.2236	1.3068	0.2196	1.9885	14.1563	0.7158	6.5912
1.4283	6.6151	0.086	0.9999	0.5801	2.2777	4.0895	1.9193	1.1173	0.516	7.7297	4.3931	0.0074	7.9152	0.9753	0.199	2.3854	9.0331	0.5401	5.3764
1.4955	6.3707	0.0598	0.63	0.3436	1.7537	4.2314	1.889	0.998	0.2557	7.7822	3.8737	0.0019	7.5756	0.5584	0.196	1.8558	9.8637	0.287	4.9433
1.6159	6.4028	0.0753	1.1069	0.6169	1.9729	4.1672	2.6682	1.32	0.3269	7.5774	5.6915	0.0042	7.3787	0.9679	0.198	2.033	11.4224	0.4604	6.3978
1.2105	7.3777	0.1015	0.8499	0.4673	2.4428	4.3252	1.6264	1.0561	0.6065	8.3903	3.6273	6.00E-04	8.4346	0.8952	0.1936	2.6032	7.7355	0.289	4.3556
1.4135	7.3319	0.0943	0.7987	0.4358	2.3291	4.4917	2.1313	1.1568	0.5567	8.2803	4.5935	8.00E-04	8.3215	0.7517	0.2206	2.4763	10.3064	0.2788	6.1746
1.7755	7.0477	0.1169	2.0026	1.084	2.7353	4.5491	4.282	2.0108	0.2783	8.1042	9.1987	0.0049	7.5131	1.4947	0.2405	2.7056	16.7376	0.7395	10.1874
1.3264	7.1703	0.1065	1.6749	0.9381	2.6694	4.201	2.2481	1.2455	0.5431	8.1212	5.154	0.0077	8.1045	1.3609	0.1891	2.7945	11.214	0.5774	5.7659
1.8859	8.0662	0.0928	1.1173	0.6391	2.5249	5.1024	2.4908	1.3125	0.4308	9.6014	4.9654	0.0068	9.5204	0.9024	0.2593	2.6649	11.1457	0.5983	6.3236
1.3112	7.3073	0.1182	2.4095	1.3181	3.4473	4.3439	3.5871	2.0666	0.489	8.4001	8.2838	0.0064	8.4075	1.8481	0.2019	3.4484	15.0488	0.8883	11.6275
1.3979	8.0501	0.1999	2.7407	1.6012	3.9474	4.2316	3.2722	1.7259	1.1263	8.0998	7.9134	0.0229	8.4705	2.4005	0.2272	4.0268	11.4378	1.195	9.0779
1.5744	7.9714	0.2477	3.7523	2.1583	4.3241	4.1534	5.8384	2.6722	0.9916	7.294	13.4602	0.0288	7.0877	3.4467	0.2377	4.2867	17.5712	1.5952	17.3052
1.7138	7.0355	0.2348	4.9026	2.8393	4.4144	3.5353	5.9319	2.5789	0.9497	6.4307	14.5974	0.0349	6.2978	4.2353	0.2243	4.3425	19.5808	2.1375	20.9029
0.76	6.2677	0.3638	5.3523	3.2383	4.8357	2.1814	5.1648	2.0593	1.9004	3.912	15.2354	0.0668	4.2909	5.2701	0.1411	4.7472	11.2212	2.6537	26.3808
1.1177	6.788	0.299	5.6744	3.4027	5.0022	3.0837	6.0285	2.6098	1.3408	5.7455	16.1645	0.0532	5.8378	5.2056	0.1679	4.8869	15.8466	2.6138	23.3693
1.5106	8.2512	0.2889	5.1632	2.9986	5.2821	4.2759	6.9451	3.2675	1.2589	7.7925	16.8594	0.0354	7.8897	4.1988	0.2425	5.1663	19.6325	2.2265	20.3036
1.0651	6.1077	0.2897	5.7461	3.3789	5.2205	3.2443	7.7209	3.0386	1.0145	5.6159	18.6659	0.066	5.6522	5.5301	0.1844	5.0121	17.7402	2.8572	25.8874
0.7533	5.9383	0.2922	5.1948	3.0335	4.4198	2.3641	5.5967	2.5046	1.3541	4.3424	14.5275	0.0445	4.5618	4.7061	0.1332	4.3553	13.7697	2.2502	24.3566
1.1683	6.6733	0.2385	4.8011	2.758	4.9772	3.0569	6.005	2.956	1.099	5.4867	14.9301	0.0282	5.7545	4.2899	0.2097	4.8968	19.0956	2.0159	21.4809
0.8815	5.4082	0.2386	4.5845	2.6727	4.5319	2.6293	6.0379	2.547	0.8666	4.9211	15.1812	0.042	5.1038	3.7749	0.1775	4.3822	15.8017	2.1116	23.4537
0.658	5.9846	0.2412	3.7315	2.1409	3.9352	2.3136	4.3344	2.083	1.2676	4.3107	10.76	0.0203	4.8509	3.2887	0.1571	3.9466	12.1499	1.3525	15.9209
1.0455	6.943	0.1216	1.2563	0.7144	3.3275	4.1573	2.6542	1.4157	0.6725	7.709	5.4909	0.0065	8.4226	1.2071	0.247	3.496	8.9946	0.4966	6.1014
0.8774	7.0024	0.1335	1.6736	0.907	3.5238	4.2835	3.4557	1.8809	0.5318	8.0395	7.3207	0.0036	8.2419	1.2761	0.2324	3.6256	11.2887	0.6374	10.4315
0.6806	4.8377	0.0864	1.2965	0.736	2.6168	3.0381	1.6581	0.9303	0.511	5.7367	4.1226	0.0062	6.3331	0.997	0.1762	2.7421	6.9438	0.4748	6.6311
0.922	6.171	0.0961	1.5623	0.8591	2.9587	4.032	2.9251	1.4673	0.3878	7.5209	6.2782	0.0085	7.7875	1.1731	0.2023	3.062	10.0889	0.6458	8.1248
0.608	5.6086	0.1196	1.6014	0.911	2.9491	3.3841	2.3505	1.1995	0.6341	6.4424	5.4909	0.0102	6.9761	1.3045	0.1748	3.0727	7.7272	0.6899	7.502
1.6178	6.4962	0.1184	1.1548	0.6124	2.7006	4.6455	4.5083	2.085	0.3592	7.8733	9.3244	0.0035	7.6253	0.6997	0.276	2.7155	13.4994	0.6414	9.4303
1.4297	6.6152	0.0849	0.8693	0.46	2.301	4.4744	2.9067	1.4251	0.3443	8.0483	6.0152	0.0015	7.9447	0.5951	0.2297	2.3778	11.296	0.377	6.2985
1.2225	6.6593	0.1349	1.4227	0.8036	2.8541	3.8697	2.8264	1.4244	0.6844	7.0666	6.0955	0.0073	7.4579	1.2185	0.2302	2.9831	10.9744	0.5706	7.6087
1.2912	6.5342	0.0952	0.8555	0.4583	2.6094	4.1836	2.4258	1.3021	0.4558	7.6164	4.9489	7.00E-04	7.8452	0.5892	0.2416	2.7202	9.1862	0.3221	4.8986
0.7424	6.1746	0.0843	1.0312	0.5725	2.8487	4.057	2.1189	1.1289	0.4096	7.6795	4.4379	0.0071	8.0346	0.9517	0.2029	3.0251	6.5832	0.4638	5.1884
1.1451	7.5987	0.1825	1.333	0.7554	3.5199	4.2392	3.4034	1.7902	0.9136	7.6634	6.8785	0.0089	8.0305	1.2393	0.2626	3.6308	9.7867	0.6008	7.087
1.1012	6.7831	0.0948	1.0739	0.5813	2.707	4.3204	2.5513	1.445	0.4133	8.193	5.5024	0.0015	8.1731	0.8036	0.2128	2.7972	9.4497	0.406	6.6696
1.4857	7.5686	0.0982	1.0106	0.5759	2.9493	4.7473	2.1415	1.2113	0.5522	8.8611	4.6302	0.0063	9.2684	1.0001	0.259	3.1088	10.176	0.4608	5.8004
1.5884	7.4475	0.1212	1.7791	1.009	3.2878	4.8885	3.9491	1.7292	0.557	8.6881	7.9484	0.0102	8.9077	1.5509	0.2842	3.4306	14.2535	0.7894	8.6002
1.596	6.9698	0.1286	2.7707	1.6135	3.4177	4.493	3.7118	1.7564	0.4358	8.1328	8.5439	0.0238	8.1301	2.2883	0.2374	3.4937	14.8128	1.1475	11.7955
0.9678	7.2797	0.1142	1.8174	1.0378	3.4785	4.673	2.7539	1.4202	0.5222	9.0195	5.9612	0.0142	9.386	1.6347	0.2179	3.6265	9.712	0.7918	7.1573
0.8656	6.407	0.2395	3.8918	2.2792	3.9147	2.8739	3.8421	1.8182	1.2981	5.5713	10.3931	0.0245	6.0853	3.4538	0.1664	3.9296	11.0048	1.6122	17.2571
0.8411	5.8874	0.3157	6.7136	3.9411	6.1015	2.7234	7.849	2.9577	1.1418	5.1081	20.4031	0.0802	5.1767	6.4093	0.1524	5.8939	16.126	3.4335	28.6047
1.0294	6.1548	0.295	5.9213	3.454	5.7571	3.1352	7.8114	3.1974	0.9728	5.6245	18.4661	0.0584	5.6964	5.2915	0.2081	5.5798	18.6107	2.8482	25.1664
0.8909	6.7542	0.3228	4.8149	2.784	4.6419	2.4188	6.0372	2.8246	1.4589	4.1783	14.9744	0.0327	4.1512	4.5698	0.1734	4.5901	17.6996	1.9131	27.1186
0.8335	6.5266	0.3346	5.6863	3.2904	5.2149	2.6853	6.5491	2.9283	1.7441	4.6937	17.2123	0.0425	5.1707	4.9883	0.1884	5.0941	16.5938	2.5906	26.318
0.9636	6.4716	0.2505	5.6139	3.2216	5.2375	3.4258	6.6528	3.1339	0.9681	6.4759	16.8512	0.0388	6.5674	4.5173	0.2011	5.1087	17.7432	2.3927	21.7292
0.8468	6.872	0.3234	5.0549	3.0111	5.2307	3.0579	6.105	2.5344	1.3762	5.5434	15.732	0.053	5.5382	4.9086	0.1703	5.1966	14.9476	2.4081	24.9319
0.9945	4.6873	0.2244	5.0841	2.9853	4.45	2.6124	6.5496	2.563	0.6712	4.6355	16.8905	0.0638	4.5874	4.6992	0.1518	4.2583	14.6354	2.622	24.616
0.9948	5.3997	0.1928	3.5484	2.0222	3.6409	2.7939	5.0806	2.27	0.7372	4.9936	12.4307	0.0295	4.8296	3.1288	0.1563	3.5285	15.2244	1.5419	19.5988
0.9644	6.7894	0.2155	3.1413	1.7958	3.8607	2.9422	3.991	2.0081	1.0823	5.6326	9.3744	0.0199	5.9909	2.9246	0.1764	3.8909	11.9084	1.2	13.4601
1.103	5.9744	0.1537	3.18	1.8348	3.5768	3.5727	4.879	2.2196	0.5637	6.4058	11.2077	0.022	6.2954	2.8732	0.1918	3.5757	14.8112	1.4735	15.1039
1.2288	5.575	0.1351	1.9238	1.0861	2.698	3.2767	3.8732	1.6338	0.4876	5.6292	8.2502	0.0144	5.5801	1.6946	0.2064	2.7323	12.6796	0.839	11.9336
1.0386	4.8837	0.1102	2.3378	1.3628	2.5711	3.0173	3.1429	1.3465	0.3523	5.7428	7.8735	0.0252	5.6156	1.9903	0.1369	2.5383	10.522	1.0771	9.3419
1.4363	5.868	0.0863	1.7432	0.9638	2.2531	3.5828	2.883	1.3923	0.3441	6.6983	6.3613	0.0095	6.489	1.5649	0.1713	2.2831	12.1096	0.7972	9.6608
1.1368	6.5202	0.068	0.6762	0.3601	2.4659	4.3732	1.6392	0.9926	0.4021	8.1382	3.391	9.00E-04	8.4302	0.499	0.224	2.6351	8.8891	0.3019	4.2563
1.672	6.9744	0.1008	0.8651	0.4599	2.5377	5.0936	4.2063	1.8919	0.25	8.8089	8.4819	0.0041	8.4171	0.4777	0.2837	2.5755	13.4151	0.5065	8.3717
1.3476	6.8104	0.0671	0.6487	0.3509	2.2639	4.6095	1.8566	1.0951	0.2774	8.6649	3.8906	0.0021	8.6331	0.4596	0.2188	2.3953	8.1862	0.286	4.2636
1.3781	6.6475	0.0983	1.0606	0.5866	2.4869	4.3084	2.8718	1.4455	0.4082	7.9606	6.0617	0.0074	7.8867	0.9222	0.2106	2.5438	10.8599	0.5181	6.0011
1.8949	7.3201	0.0872	1.0315	0.5662	2.147	4.6372	2.6911	1.2931	0.3723	8.3846	5.6396	0.0044	8.202	0.8336	0.2353	2.2266	13.4329	0.4348	6.7637
2.1055	7.0021	0.0542	0.6576	0.3911	1.4308	4.3223	1.056	0.6177	0.3213	8.3033	2.701	0.0088	8.0411	0.6684	0.1959	1.5241	10.5859	0.3836	2.3849
2.4627	7.6234	0.0764	1.2561	0.7195	1.6974	4.9003	2.8084	1.1991	0.2169	9.1698	6.0678	0.0137	8.418	1.0797	0.2244	1.6963	13.7062	0.7149	6.4758
1.827	7.5973	0.0492	0.2659	0.1555	1.5823	4.6019	0.4988	0.5016	0.3744	9.029	1.0283	0.0016	8.965	0.3726	0.1954	1.7504	8.5864	0.1166	1.4638
2.2679	8.1762	0.1313	1.979	1.1314	2.6663	4.6774	3.2151	1.4575	0.633	8.7108	7.2476	0.0166	8.3955	1.8704	0.2432	2.7541	16.1651	0.9101	8.9567
2.2741	8.5139	0.1689	1.8223	1.0772	2.8222	4.5885	3.4876	1.5635	0.8389	8.5124	8.1729	0.0199	8.3222	1.9201	0.2571	2.8488	14.7912	0.9628	9.61
2.2043	8.5364	0.1952	2.8189	1.5915	3.7552	4.4356	4.6819	2.16	0.8187	8.3128	10.5003	0.0163	8.3727	2.1458	0.289	3.7287	17.2208	1.1671	11.2611
2.0518	9.4346	0.2124	2.8656	1.5446	3.7754	4.8268	4.9185	2.0222	0.9453	8.8306	10.5557	0.0248	8.5458	2.6758	0.2713	3.8614	17.1337	1.1976	12.3625
1.3092	6.5139	0.2742	5.0518	2.9679	4.7241	3.0004	6.5501	2.7638	1.1358	5.5918	15.8966	0.0519	5.7969	4.6501	0.1974	4.5911	17.0309	2.6121	19.2311
1.4404	7.2469	0.3566	5.2332	3.1328	4.6454	2.6905	5.5613	2.1237	1.7557	4.9736	14.9512	0.0607	5.4364	5.0677	0.1813	4.5793	15.9248	2.4282	24.5438
1.7797	7.2028	0.3258	6.2268	3.6567	5.1936	3.2333	6.8368	2.6654	1.4997	5.8369	18.375	0.0661	6.0628	5.4944	0.2173	5.0101	20.1397	3.0055	24.8743
1.1208	7.1446	0.4579	7.0344	4.2153	5.4571	2.0873	7.4243	3.09	2.2961	3.5551	21.1359	0.0751	3.6074	6.7706	0.1588	5.2553	17.8925	3.357	31.5276
0.6868	6.7524	0.4091	6.139	3.6176	5.3425	1.434	6.6126	2.8878	2.268	2.5279	18.2596	0.0556	2.8223	6.3227	0.1169	5.1775	17.4654	2.9033	29.191
1.3284	8.2093	0.3189	5.3581	3.1322	5.3031	3.2081	5.9959	2.6941	1.5974	5.8674	15.0412	0.0542	6.1118	5.7594	0.2004	5.2819	19.1264	2.4901	22.4797
2.0876	7.9275	0.2737	4.2426	2.5241	4.0218	3.1682	5.8122	2.3097	1.3344	5.4347	13.7295	0.0495	5.4971	4.8069	0.2154	3.9961	17.996	2.195	19.6076
1.5254	7.2946	0.3265	4.5209	2.7111	4.1483	2.6933	4.7955	1.91	1.8094	4.7888	12.9137	0.0486	5.3498	4.4881	0.1927	4.1507	15.4374	2.0855	19.9093
1.3312	6.4302	0.2686	3.7344	2.1593	3.9116	2.4086	4.9515	2.2012	1.3656	4.386	12.3578	0.0375	4.8099	3.556	0.1766	3.8448	16.2184	1.7796	19.3963
1.6113	6.8632	0.1869	3.483	1.9913	3.8554	3.3912	4.9552	2.2957	0.6863	6.437	11.2234	0.0292	6.6711	3.0631	0.2127	3.829	18.2144	1.5596	16.5633
1.8963	7.2485	0.1685	2.3221	1.352	3.2063	3.6893	3.2462	1.5291	0.9868	6.9398	7.8558	0.0202	7.5984	2.1301	0.2395	3.2426	14.4632	1.1211	10.237
1.8017	6.7743	0.1838	2.8306	1.6275	3.2048	3.582	4.7969	2.0606	0.7377	6.5978	11.361	0.0279	6.481	2.6051	0.2167	3.1097	16.359	1.5183	14.767
1.8514	5.756	0.1569	2.9727	1.6467	2.9786	2.8237	4.2632	1.7272	0.695	5.15	9.5784	0.0224	5.3712	2.5906	0.1981	2.9287	16.7001	1.3731	14.0982
2.2251	6.7268	0.1448	2.3531	1.3408	2.8678	3.571	4.444	1.9558	0.5874	6.4091	9.7287	0.0146	6.4428	2.0529	0.2515	2.8377	18.1327	1.1791	12.697
2.2479	7.0485	0.1411	2.0101	1.1349	2.4306	3.7036	3.665	1.5556	0.7393	6.6817	8.1919	0.0113	6.7196	1.7338	0.2391	2.4278	16.4123	0.9009	8.7446
1.8798	7.4416	0.164	1.6661	0.9341	2.8153	3.9035	3.3396	1.5589	0.9534	6.8858	7.4378	0.0104	7.1965	1.5082	0.2502	2.8634	14.4403	0.7732	9.021
2.3743	7.0117	0.1539	1.8142	0.979	2.484	3.9762	4.8527	1.9309	0.4588	6.9159	9.6041	0.0121	6.623	1.2583	0.2782	2.4282	18.5786	0.8273	10.911
1.9945	7.0686	0.1459	1.2378	0.6668	2.2673	3.4782	2.8375	1.3684	0.8185	6.4154	5.9741	0.0044	6.6091	1.0717	0.2343	2.3065	14.0939	0.49	8.5434
2.3361	7.7212	0.1311	0.5915	0.3438	1.8516	3.8982	1.9821	0.8959	0.9092	7.0838	4.1761	0.0053	7.327	0.9216	0.2444	1.9453	11.6949	0.3674	4.0091
1.8408	7.3028	0.1675	1.5487	0.8599	2.6017	3.33	2.9546	1.4697	1.0185	6.2944	6.9099	0.0079	6.5738	1.5855	0.2191	2.6177	13.4601	0.7383	7.1879
2.2842	8.3158	0.1499	0.8982	0.497	2.3316	4.0928	1.9115	1.0306	1.0402	7.6769	4.3415	0.0054	8.0078	1.0641	0.2481	2.4329	12.721	0.4382	5.3002
1.9761	7.6553	0.1772	1.4601	0.8939	2.6314	3.6398	2.4238	1.2221	1.14	6.8308	5.448	0.0144	7.2877	1.8114	0.2319	2.7172	12.3975	0.7957	6.8427
2.1984	7.713	0.2141	2.7331	1.5516	3.2492	3.5941	4.7697	2.1919	1.0896	6.3406	10.9671	0.0186	6.4341	2.5345	0.2499	3.2005	19.4861	1.2491	14.2898
1.7552	7.1526	0.2369	2.8852	1.6736	3.4807	3.0048	4.1643	1.8062	1.2246	5.6466	9.6794	0.029	6.2399	2.6502	0.2147	3.4579	14.8638	1.3579	11.3861
2.3052	8.4798	0.1927	2.39	1.3197	3.349	4.2323	4.6974	2.1129	0.9288	7.5968	9.5874	0.0134	7.8441	2.1449	0.2831	3.3696	18.3737	1.0407	10.3726
2.545	7.6973	0.1908	2.3359	1.3852	2.6232	4.2712	5.1319	1.8187	0.8422	6.9839	10.9323	0.0269	6.6875	2.5149	0.2988	2.677	18.7561	1.3405	13.2161
1.8449	6.7363	0.2954	4.733	2.8843	3.8936	3.177	5.5475	1.9377	1.2346	5.6653	15.3535	0.0699	5.4128	4.8429	0.1821	3.797	15.3312	2.6291	22.5377
1.7109	6.7279	0.2664	4.8371	2.8889	3.8977	3.4496	6.1377	2.1446	1.0469	6.0147	15.068	0.0624	5.6621	4.7306	0.1877	3.827	17.0915	2.5185	22.5095
1.043	5.7756	0.3989	6.8682	4.1465	5.4585	2.1028	7.9076	2.7938	1.5428	3.6379	21.1138	0.0983	3.4149	6.7535	0.1341	5.1946	17.091	3.7467	32.9356
1.2399	6.755	0.3318	6.1438	3.6819	5.3057	3.0386	6.5755	2.7189	1.5376	5.561	18.0667	0.0753	5.6544	5.9593	0.1688	5.1163	17.8493	3.2676	27.752
1.9275	5.9857	0.2349	5.7267	3.2991	4.5796	3.2002	8.3949	3.2783	0.6888	5.2618	19.7156	0.0591	4.7565	5.317	0.2242	4.3414	25.5319	3.0107	26.8891
1.6806	6.744	0.2836	4.3031	2.5729	3.8269	3.4411	6.4258	2.5975	1.2148	5.6384	15.7944	0.0522	5.2232	4.1846	0.2167	3.7114	17.1916	2.2605	22.1421
1.73	7.3251	0.3025	5.1556	3.0915	4.3218	3.2159	5.93	2.3886	1.3356	5.8507	15.9208	0.0584	5.3819	4.9992	0.1777	4.1532	17.7544	2.8032	25.7769
1.4548	6.6592	0.3113	5.0827	3.0477	4.7308	3.069	6.0811	2.4201	1.4463	5.2345	16.1632	0.0682	5.4034	5.0912	0.186	4.5948	16.793	2.7039	23.2628
1.6108	4.829	0.1975	4.4218	2.5971	3.5348	2.797	6.1569	2.3571	0.5409	4.8048	15.6077	0.0564	4.3856	3.8554	0.1697	3.3134	17.6866	2.3356	22.7972
2.4298	8.0716	0.1948	3.1262	1.8292	3.3263	4.2422	5.6749	2.3329	0.6558	7.5908	12.4021	0.0338	6.9894	3.2691	0.246	3.2475	18.6022	1.6588	13.3078
1.352	5.4144	0.1522	2.9963	1.7485	2.917	2.8262	3.8007	1.5844	0.6623	5.2691	9.2485	0.0362	5.2847	3.0121	0.1436	2.8835	13.3938	1.6097	14.6423
1.3614	6.0398	0.1606	2.5478	1.517	2.6924	2.9623	2.8297	1.1993	0.8299	5.62	7.9659	0.032	5.5876	2.7528	0.1474	2.6924	11.4139	1.3231	12.4997
1.887	6.4585	0.1364	2.8204	1.6702	2.7385	3.7188	4.2737	1.799	0.4028	6.9596	9.8728	0.0292	6.5725	2.5529	0.191	2.6878	15.3212	1.4572	11.1394
2.3043	6.3839	0.0929	1.6592	0.9461	1.6973	3.7304	2.7503	1.145	0.3	6.7865	5.957	0.0143	6.3316	1.4169	0.2134	1.7051	15.461	0.7942	8.4855
2.3144	6.3115	0.1115	2.5662	1.4649	2.3325	4.0335	5.0573	1.9887	0.0758	7.2043	11.091	0.027	6.461	2.0585	0.2196	2.2219	18.6768	1.3495	12.7275
1.8688	6.5445	0.1146	2.1648	1.2605	2.3609	3.7728	3.2768	1.3881	0.4309	7.0983	7.9791	0.0249	6.6441	2.0692	0.1753	2.3353	14.0327	1.1216	8.9154
2.5232	7.4893	0.0715	0.9881	0.5583	1.4456	4.3446	1.9083	0.9095	0.275	8.1384	4.1585	0.0062	7.5476	0.8902	0.2179	1.4928	14.5703	0.4487	5.9728
2.081	6.9588	0.0957	1.5343	0.8846	1.7023	4.1028	2.0502	0.921	0.4255	7.8033	5.1819	0.0121	7.3632	1.2127	0.198	1.7388	13.1996	0.6766	6.1239
2.211	7.1576	0.0982	1.5884	0.9163	1.8439	4.4419	2.9749	1.1923	0.3383	8.1702	6.5337	0.015	7.61	1.3339	0.2183	1.8578	14.9679	0.8491	7.7541
2.4497	7.0796	0.0376	0.7975	0.4371	1.2214	4.4754	1.8962	0.8626	0.0912	8.4657	3.8314	0.004	7.9272	0.5851	0.2116	1.2638	14.2017	0.3692	4.0915
2.145	8.2599	0.1072	0.4801	0.2948	1.8055	4.2565	1.163	0.6538	0.7755	8.1562	2.6692	0.0077	8.1598	1.0398	0.2065	1.9435	10.4976	0.3111	2.3996
1.9696	7.5968	0.084	0.956	0.5404	1.9155	4.4448	1.866	0.9586	0.4518	8.3585	3.9635	0.0081	8.1352	1.1036	0.2062	2.0187	11.2285	0.4588	3.8756
2.2751	6.8643	0.0903	1.9492	1.1419	2.0626	4.3437	3.244	1.4198	0.3125	8.0687	7.4935	0.0221	7.5371	1.8668	0.201	2.0368	13.8264	1.1683	6.7159
2.1574	7.6646	0.1117	2.0844	1.2034	2.3779	4.6945	2.9192	1.4205	0.5207	8.7269	7.2166	0.0148	8.2956	1.8828	0.2215	2.3924	15.1606	1.0131	8.0244
1.913	7.3525	0.2019	4.0975	2.4236	3.8932	4.0169	5.5729	2.2992	0.756	7.3196	13.1028	0.0439	7.035	3.8505	0.2091	3.8627	19.5898	2.0907	15.8381
2.7335	8.3356	0.1982	3.6433	2.1695	3.5701	4.8294	4.9912	2.0376	0.8328	8.5876	12.4025	0.0472	8.3565	3.5162	0.2782	3.5265	17.8566	1.9999	11.0635
1.6472	6.4256	0.2154	5.709	3.3071	4.5132	3.4882	6.9788	2.9832	0.6999	6.6563	16.9108	0.0512	6.3251	5.1084	0.1674	4.3208	21.5132	2.8571	23.3144
1.2461	7.3278	0.289	5.454	3.2402	4.7306	3.4995	6.2065	2.6143	1.29	6.4418	16.6118	0.0621	6.1057	5.4774	0.1564	4.587	16.84	2.9083	23.5236
1.6464	8.5725	0.3798	5.0022	3.0237	4.4745	2.8462	5.667	2.4205	1.954	5.0369	15.5762	0.0598	4.7307	5.6061	0.1747	4.3885	15.3013	2.4444	23.8676
1.5687	6.9087	0.2962	5.9086	3.4889	4.9667	3.4888	7.3988	2.6948	1.0679	6.3723	18.4675	0.0755	6.1551	5.6213	0.1861	4.8141	19.2088	3.0518	25.3375
1.8046	7.078	0.2656	5.6137	3.1962	4.3163	3.5145	6.6226	2.8246	1.1277	6.1229	16.42	0.0444	5.9913	4.8171	0.2183	4.2366	21.2465	2.5216	22.6084
1.6467	7.6993	0.3631	5.8444	3.514	4.3444	2.6037	4.8614	2.1763	2.1383	4.7672	15.7354	0.0509	4.6559	5.8358	0.1441	4.1961	16.1087	2.6336	27.5201
1.426	6.607	0.3145	5.312	3.1523	4.4896	2.8108	6.1998	2.3858	1.4684	4.9597	16.6047	0.0597	4.7551	5.0136	0.1674	4.2648	17.4287	2.6217	25.6446
1.2366	7.179	0.2889	5.9946	3.4727	5.447	3.2394	6.9368	3.1051	1.0862	6.0927	17.2489	0.0527	6.0138	5.3777	0.1799	5.2905	19.8669	2.7036	24.9277
1.5246	6.6268	0.2397	3.9854	2.387	3.5769	3.1575	4.1945	1.631	1.1671	5.7497	11.8115	0.0478	5.6769	3.9692	0.1755	3.5368	13.6321	1.9766	17.9098
1.3133	5.6319	0.1572	2.7411	1.6082	2.9386	2.928	3.6968	1.5248	0.6095	5.4572	8.9877	0.0357	5.294	2.9018	0.1497	2.9104	12.668	1.4688	14.2333
1.7158	5.5966	0.1297	3.3588	1.9273	2.9979	3.2751	5.0323	1.9576	0.3372	5.9138	11.0333	0.0332	5.679	3.0743	0.1771	2.9465	17.58	1.6498	14.7033
1.7553	6.1011	0.1153	3.28	1.8531	2.8966	3.5222	4.6285	1.963	0.2846	6.6184	10.7134	0.0255	6.1617	3.0181	0.1708	2.8267	17.3342	1.5474	12.8998
1.7258	6.6964	0.1168	1.7205	1.0233	2.1983	3.7478	1.9737	0.9396	0.6405	6.984	5.4877	0.0182	6.8014	1.7072	0.1811	2.2698	11.4089	0.8031	7.0525
1.933	7.6696	0.0937	1.1233	0.626	2.1989	4.366	2.2458	1.1706	0.5218	8.3496	4.8216	0.0066	8.2499	1.1918	0.2097	2.284	12.4531	0.5649	4.6174
1.8466	7.3163	0.116	1.3996	0.7873	2.1184	4.2092	2.6421	1.344	0.5796	7.8053	6.0384	0.0066	7.3546	1.2833	0.201	2.1502	12.9903	0.6341	8.1568
2.168	6.6211	0.0764	1.3937	0.7622	1.6851	4.0168	3.1044	1.3974	0.1299	7.5144	6.5321	0.0076	6.8009	1.0575	0.2042	1.6594	15.3061	0.6506	8.4515
2.0221	6.6667	0.0663	1.0412	0.5885	1.5621	4.1559	2.2637	1.0261	0.2268	7.7592	4.8981	0.0087	7.2709	0.9604	0.194	1.5993	12.128	0.5266	6.8918
2.2108	7.1529	0.0923	1.1176	0.6437	1.7166	4.0586	2.1126	0.9635	0.4702	7.4828	4.9428	0.0093	7.2406	1.0968	0.2136	1.7884	12.5763	0.5037	5.739
1.8902	6.9046	0.0728	0.9216	0.5185	1.5826	4.0119	1.7161	0.887	0.3693	7.6652	3.8927	0.0049	7.3733	0.8813	0.1834	1.6587	11.0805	0.3803	4.8267
1.7361	7.3228	0.0883	0.6046	0.3515	1.6628	4.1611	1.3356	0.7149	0.6304	7.8372	2.9855	0.003	7.8131	0.8412	0.1931	1.8098	9.5957	0.2597	3.9049
1.657	7.0503	0.0827	0.7551	0.4502	1.5574	3.8654	1.2451	0.687	0.5329	7.6159	2.872	0.0083	7.3365	1.1221	0.1504	1.6548	9.1721	0.4372	3.8348
1.8741	7.3783	0.0831	1.2087	0.7077	1.5415	4.5623	1.9527	1.0266	0.4697	8.5388	4.3727	0.0048	8.0823	1.0392	0.1892	1.6445	10.8034	0.5089	3.4777
2.2772	7.9321	0.1187	1.6127	0.88	2.1477	4.6661	3.7816	1.7398	0.4096	8.505	7.8931	0.005	7.8267	1.122	0.2349	2.1328	16.4677	0.6048	7.7391
2.1941	7.1656	0.1205	2.6903	1.534	2.506	4.4482	4.8278	2.123	0.2246	8.0988	10.5441	0.0223	7.3397	2.2116	0.2101	2.4294	17.3313	1.3177	13.8856
1.9852	7.2094	0.1262	2.3234	1.3697	2.4695	4.3376	3.7208	1.5805	0.3689	8.2974	8.7551	0.0286	7.5973	2.1425	0.1891	2.4292	14.0979	1.2895	10.7071
1.9963	7.1772	0.1587	3.5667	2.0684	3.0867	3.9696	5.4708	2.2878	0.4671	7.4845	12.4885	0.0322	6.7892	3.3282	0.1842	3.0031	17.1796	1.7466	14.6166
0.5584	6.4857	0.2688	4.8169	2.6989	5.9797	2.6038	5.8316	3.0341	1.3327	5.4549	13.6254	0.0278	7.2636	3.5974	0.2235	5.9277	14.8557	1.8975	15.3602
0.7357	7.1227	0.3492	5.417	2.9967	7.0971	3.0785	7.6161	3.8314	1.4976	5.9474	17.6778	0.0409	7.4671	3.5848	0.3207	6.9326	16.5908	2.0973	21.5854
0.3903	6.0412	0.3976	5.3763	3.2065	5.7178	1.8537	4.8668	2.2931	2.5056	3.7264	16.0471	0.0515	5.3515	4.6679	0.1906	5.5259	11.3335	2.6072	24.4248
0.8668	7.2492	0.3759	4.9002	2.7736	6.1451	2.8467	7.4826	3.3688	1.7074	5.1449	17.3376	0.0446	6.479	3.9329	0.2796	6.0298	18.06	2.1865	22.4321
0.6295	7.0465	0.3815	6.1922	3.5803	6.0407	2.6173	7.2281	3.2143	1.7517	4.9569	18.0097	0.0506	5.6744	5.0022	0.2169	5.9011	16.5038	2.6512	25.0613
1.186	6.7561	0.3839	6.7136	3.9107	5.7159	2.4893	7.3461	3.3204	1.7307	4.3482	19.1366	0.053	4.6247	5.6819	0.2176	5.5709	19.2889	2.8963	29.8103
1.5027	7.4261	0.3201	5.557	3.1761	5.8256	3.6261	8.7168	3.9406	1.1813	6.0872	19.3284	0.0381	6.6222	4.1932	0.315	5.6629	23.9202	2.3645	24.5695
0.6418	7.2352	0.2527	2.7756	1.6287	5.3136	3.1078	3.8676	1.9894	1.4759	6.2089	9.1112	0.0226	8.3669	2.4354	0.2838	5.4462	10.1172	1.1295	10.0305
0.861	5.7031	0.2367	3.3461	1.9371	4.1289	2.5503	4.89	2.3072	1.1838	4.7127	11.6722	0.027	5.5678	2.8905	0.2141	4.097	13.4777	1.5552	15.365
0.4995	6.3479	0.2931	4.0342	2.3238	5.0925	2.5585	4.8391	2.3579	1.5284	4.8554	11.2561	0.028	6.4798	2.9306	0.2103	5.1022	11.1817	1.4744	15.8479
1.0005	7.2662	0.2151	1.3816	0.7539	4.5418	3.8433	4.3021	2.0953	1.3345	6.7931	8.8278	0.0049	9.0184	0.8845	0.3502	4.6843	11.5723	0.5226	6.5896
1.1975	7.5196	0.172	1.3367	0.7588	3.5951	4.0937	3.0979	1.599	1.1538	7.4823	6.4512	0.0051	8.8163	1.2678	0.2815	3.7791	10.3798	0.6014	7.1954
1.8117	6.405	0.1264	2.4525	1.3939	2.4723	3.2283	3.8526	1.6425	0.5031	6.045	8.601	0.0179	5.7377	2.3764	0.1662	2.4438	15.3166	1.08	12.0222
2.3871	6.933	0.0953	2.4085	1.3338	2.1285	4.1267	3.5614	1.5851	0.2724	7.7937	8.246	0.02	7.1824	1.9291	0.1941	2.0698	17.2949	1.0857	10.3475
2.7753	8.0479	0.0708	1.1217	0.6209	1.4265	4.7191	2.1871	0.9669	0.171	9.1465	4.7457	0.0101	8.4128	0.867	0.2231	1.4301	15.6271	0.507	5.7192
2.6176	8.4223	0.104	1.0419	0.592	1.9697	4.6146	2.0542	0.9947	0.6257	8.7164	4.5302	0.0096	8.6232	1.1098	0.247	2.0464	14.4012	0.5618	3.1676
2.2866	6.806	0.1054	2.1205	1.2005	1.9228	4.1068	3.6776	1.3636	0.1685	7.6601	8.0946	0.023	6.8911	1.7215	0.2017	1.8706	16.5162	1.0278	8.6398
2.6048	7.4029	0.0734	1.6953	0.9671	1.5899	4.4609	3.004	1.1745	0.0626	8.5564	6.2713	0.0181	7.8073	1.3437	0.1994	1.572	16.2432	0.7689	8.0232
2.898	8.1479	0.0828	1.0788	0.5936	1.3751	4.7547	2.1674	0.9404	0.3887	8.7024	4.5709	0.0049	8.1578	0.8715	0.2491	1.4333	15.9265	0.416	4.1788
2.5633	7.8753	0.0781	1.1011	0.6318	1.5434	4.687	2.419	1.0834	0.2821	8.6229	4.9562	0.0093	7.9274	1.111	0.2318	1.5947	15.0688	0.5595	5.7299
2.235	8.3761	0.1076	0.797	0.4984	1.6751	4.4077	1.6718	0.9004	0.7209	8.4155	3.7335	0.0079	8.2018	1.2877	0.2002	1.7845	11.6658	0.4274	3.9796
2.3534	7.6083	0.0798	1.1608	0.6529	1.7268	4.5204	2.4101	1.1648	0.4233	8.271	5.41	0.0068	7.9346	1.2254	0.2305	1.769	14.7252	0.5578	5.9486
2.4639	7.6924	0.1084	1.2917	0.7644	1.7718	4.5197	2.463	1.0586	0.5603	8.2545	5.7307	0.0174	7.9232	1.3356	0.2335	1.8037	14.8284	0.7071	5.8509
2.0369	6.7861	0.1467	2.7058	1.588	2.3658	3.5982	3.2456	1.3303	0.6636	6.749	8.1029	0.0292	6.3418	2.5596	0.1828	2.3746	14.7618	1.341	12.9544
2.6036	7.8267	0.1233	2.0286	1.2182	2.0984	4.5127	2.2258	0.9779	0.6654	8.5295	6.1904	0.0225	8.2937	1.841	0.2224	2.1411	13.8798	0.9886	8.6749
2.5642	8.0177	0.1679	3.0388	1.7972	2.9434	4.4532	3.9712	1.5544	0.7235	8.244	10.0039	0.0389	7.8252	2.8896	0.241	2.8888	17.5916	1.6062	11.217
2.9904	9.124	0.1405	2.5256	1.4209	2.2249	5.1858	2.6759	1.0957	0.8139	9.6622	7.172	0.0167	9.1337	2.2675	0.252	2.2441	16.912	1.1225	9.2183
1.6879	8.8746	0.2582	3.8826	2.3606	4.4102	4.2294	4.2211	1.8159	1.4573	8.1051	11.0334	0.0504	8.2797	4.2619	0.2034	4.4197	13.8127	1.9631	13.9366
1.409	7.4843	0.3541	5.8236	3.5375	4.7865	3.3722	5.6466	2.0516	1.6761	6.0816	16.2592	0.0818	5.8953	5.7602	0.1686	4.6827	14.9146	3.0051	24.4157
1.7289	6.7395	0.2815	5.5855	3.3264	4.5428	3.1655	6.7264	2.5682	1.0822	5.9081	17.8709	0.0714	5.4822	5.4085	0.177	4.3354	20.2297	3.002	23.7702
1.3297	8.7253	0.4032	5.6541	3.3973	4.5453	2.617	4.7433	2.2481	2.4286	4.9685	14.7997	0.0527	4.968	5.9095	0.1328	4.5065	12.6684	2.5833	25.2829
2.1705	7.7529	0.2737	5.1116	2.9946	4.4208	3.5647	6.4976	2.6426	1.1976	6.3694	16.422	0.0625	6.1183	5.1094	0.2296	4.2925	21.6149	2.6566	22.1701
1.4534	5.4491	0.2737	5.7842	3.3274	4.6347	2.642	8.4159	3.2012	0.6401	4.4904	19.7671	0.0657	3.8934	4.9789	0.1653	4.3414	21.7663	2.8044	27.9319
1.1115	7.3321	0.3356	5.1876	3.1032	4.3408	2.6756	5.2991	2.2426	1.7049	5.1763	14.308	0.0531	4.9604	5.1358	0.1265	4.2343	13.6685	2.3874	19.3802
2.2884	6.9821	0.2127	4.2446	2.5188	3.4769	3.8302	5.8938	2.178	0.7795	6.7171	14.4118	0.0509	6.1747	3.877	0.2268	3.3496	19.9484	2.1664	21.308
2.0289	6.4902	0.1787	4.5021	2.6794	3.5384	3.9299	6.1424	2.2866	0.3834	7.3839	14.3069	0.0624	6.8233	4.2411	0.1835	3.4214	17.5156	2.564	17.0057
1.4948	6.2536	0.2053	3.5918	2.1271	3.2427	2.9581	4.3684	1.9116	0.9103	5.5048	11.3104	0.0439	5.3083	3.6126	0.1492	3.1735	14.8171	1.8326	16.5339
2.6603	6.7087	0.1304	2.4377	1.5173	2.1866	4.101	3.2329	1.0063	0.4328	7.502	7.8247	0.0479	7.0687	2.4528	0.2198	2.132	15.06	1.5431	8.6682
2.31	6.4741	0.1443	2.717	1.6202	2.4248	3.7459	3.8815	1.5363	0.5784	6.6802	10.1127	0.0374	6.2354	2.5937	0.206	2.3213	15.659	1.5419	11.7527
2.1452	7.113	0.1399	2.4215	1.4224	2.4256	4.0152	3.9625	1.5313	0.4109	7.4935	8.8532	0.0291	6.8242	2.3271	0.189	2.3931	16.0634	1.2113	8.8291
1.8599	7.4558	0.0851	1.239	0.7084	1.8392	4.2806	1.6769	0.9409	0.4538	8.298	4.3454	0.0096	7.8334	1.2892	0.171	1.9049	11.4503	0.5729	5.7406
2.7147	6.7222	0.0905	1.5272	0.8925	1.5755	4.3009	3.5229	1.2168	0.2521	7.3829	7.6968	0.0193	6.6616	1.3994	0.2575	1.5605	18.1809	0.8951	9.4577
1.8486	7.1339	0.0983	1.3561	0.7574	2.2625	4.3407	2.5537	1.2179	0.4162	8.0627	6.1986	0.0108	7.771	1.107	0.2175	2.3051	12.5446	0.5388	8.0608
1.36	6.0436	0.0912	1.1801	0.6282	2.2731	4.0751	3.2769	1.599	0.2575	7.4102	6.8583	0.0024	7.0724	0.7808	0.21	2.291	12.3177	0.5645	6.951
1.0236	6.508	0.0673	0.4311	0.2364	2.1776	4.2175	1.5509	0.9239	0.4553	7.8764	3.2394	0.0016	8.1471	0.5726	0.1916	2.3407	7.4876	0.2576	2.6351
1.1901	6.6862	0.0933	0.8076	0.4485	2.7959	4.1558	1.7652	1.0683	0.5474	7.8083	3.8633	0.0037	8.3146	0.7214	0.2332	2.9603	8.2335	0.331	4.6388
1.0731	6.731	0.0864	0.7402	0.4049	2.3595	4.0618	1.6867	0.9937	0.5144	7.7072	3.5366	0.0014	7.8433	0.7908	0.1867	2.5167	7.5289	0.2707	4.1765
1.2407	6.9512	0.1186	1.1378	0.6498	2.8245	4.196	2.7068	1.4269	0.5895	7.8108	5.8789	0.011	7.8651	1.2761	0.2126	2.9179	8.1975	0.6262	5.2596
1.3598	7.3075	0.1106	0.9833	0.5288	2.7104	4.6817	2.9654	1.5229	0.39	8.5932	6.1644	0.0049	8.2331	0.8318	0.2326	2.7956	11.0647	0.4764	7.2224
1.4902	7.6184	0.1345	1.6532	0.925	3.1989	4.4812	3.034	1.5701	0.7097	8.2431	6.7596	0.012	8.4779	1.4873	0.2377	3.311	13.1394	0.7534	6.5507
1.8545	8.3884	0.1226	1.5335	0.8761	3.0164	5.3099	3.5387	1.6425	0.6541	9.3414	7.4124	0.0089	9.2809	1.5959	0.2737	3.1737	14.3518	0.7602	7.5502
1.2395	7.2522	0.2609	3.4979	1.9994	4.0767	3.6269	5.3178	2.2612	1.0649	6.5255	12.4523	0.0361	6.4282	3.3168	0.2143	4.0734	13.3275	1.6925	15.8274
1.0945	7.8994	0.2441	3.7777	2.2087	4.8584	4.0759	5.3413	2.3827	1.0405	7.5206	12.2578	0.0336	7.702	3.5961	0.2371	4.8659	15.299	1.6184	17.349
1.2063	7.918	0.2969	4.0466	2.4382	4.8936	3.9441	4.6882	1.8768	1.5234	7.3346	13.0685	0.0585	7.7801	4.0157	0.2234	4.8789	11.6668	2.0841	15.7312
1.4472	8.3392	0.232	3.5436	2.1267	4.9587	4.9394	5.0207	2.1871	1.0329	9.0754	12.1137	0.0488	9.669	3.3112	0.2757	5.0156	14.1028	1.8158	11.9793
0.7296	7.2205	0.2966	5.6979	3.3925	5.5992	3.3262	5.8374	2.6421	1.2673	6.5555	15.2164	0.0572	6.8043	5.2514	0.1658	5.568	15.002	2.5167	20.1856
0.4886	6.9713	0.4034	6.526	3.8611	5.8148	1.8715	6.4046	2.8766	2.2086	3.4454	18.4307	0.061	3.7987	6.531	0.121	5.6709	16.0373	3.0391	31.4883
1.682	9.122	0.3059	5.0293	2.9134	5.6043	4.4776	6.313	2.691	1.5113	7.9817	14.9789	0.0468	8.6338	4.7396	0.279	5.6513	17.2582	2.2453	16.4379
0.4419	7.7871	0.4517	6.8931	4.0943	6.5961	2.4674	6.566	3.0023	2.3758	4.5295	19.5908	0.0658	5.0344	6.6178	0.1526	6.4238	14.4145	3.0118	28.3429
1.6262	7.5702	0.2957	3.8158	2.221	4.4701	3.8019	6.2539	2.4976	1.3267	6.3151	15.3527	0.0443	6.2049	3.5102	0.2586	4.3485	17.8997	1.9988	19.6718
0.9939	6.9621	0.3089	5.5034	3.2191	5.1857	3.3759	6.2886	2.6057	1.2715	6.3153	16.4235	0.0637	6.3349	5.0262	0.1909	5.0565	16.5143	2.6582	21.7063
1.0842	6.442	0.1788	3.0053	1.7517	3.5726	3.7084	3.4584	1.4742	0.8702	7.0216	9.1671	0.035	7.17	2.7367	0.1821	3.594	10.8351	1.4071	11.6841
1.386	6.8893	0.1767	2.9853	1.7126	3.6324	3.903	4.6888	2.2253	0.7579	6.9254	10.9848	0.0203	6.8454	2.8598	0.2137	3.6457	12.5986	1.3753	13.7468
0.8709	5.0985	0.1383	4.1533	2.388	3.9528	3.0088	5.0565	2.213	0.3547	5.9676	12.55	0.0376	5.9056	3.6538	0.128	3.8629	14.5159	1.9744	15.8386
1.024	5.7939	0.1367	2.3317	1.3431	3.0746	3.2963	3.0994	1.4485	0.6678	6.2285	7.7696	0.0193	6.3764	2.2525	0.1668	3.0961	10.8245	1.1133	10.6216
1.6187	6.3215	0.1026	1.8189	1.02	2.3914	3.8718	3.071	1.4512	0.3865	7.228	7.2424	0.0121	7.034	1.406	0.1938	2.3859	13.3326	0.7989	8.3081
1.4012	6.5248	0.1058	1.3796	0.7424	2.4532	4.2446	3.2539	1.5323	0.3446	7.7653	6.9502	0.0055	7.5441	0.8725	0.2222	2.4958	13.0849	0.5974	9.9909
0.9062	6.9027	0.1131	1.0322	0.5967	2.7123	3.8241	1.0548	0.869	0.8542	7.5306	3.0008	0.0051	8.1371	1.1452	0.1772	2.9077	5.6382	0.4185	3.7064
1.317	6.5769	0.0696	0.9601	0.5506	2.1158	4.2317	1.4411	0.8636	0.4282	8.1104	3.4962	0.0023	8.1901	0.7179	0.1849	2.2448	6.9625	0.3437	3.2026
1.0159	6.2916	0.0812	0.7246	0.4058	2.274	4.0152	1.6843	1.031	0.4589	7.5555	3.9299	0.0038	7.6708	0.6692	0.1869	2.3847	6.5136	0.3471	4.2724
1.0759	6.2049	0.0542	0.6633	0.3483	1.9566	4.1823	1.6598	0.918	0.215	7.8841	3.3882	4.00E-04	7.7176	0.4602	0.1797	2.0875	8.2188	0.1987	3.4554
0.8195	7.0772	0.1156	0.4844	0.2935	2.7024	4.136	0.6808	0.6263	0.9168	7.9133	1.875	0.0022	8.6085	0.6634	0.2074	2.9558	4.4881	0.2032	2.511
0.8537	6.6484	0.1101	1.2274	0.6906	2.7701	3.6785	1.8827	1.1645	0.7476	6.9809	4.2844	0.0043	7.2984	1.4754	0.1635	2.9275	6.6894	0.5189	4.7407
1.0741	7.186	0.1203	1.1159	0.6188	2.9031	4.1229	2.4449	1.2794	0.6248	7.8131	5.3022	0.005	7.9923	1.0537	0.2088	3.0368	9.727	0.3931	6.5477
1.2841	6.8776	0.1171	2.5332	1.4312	3.6091	4.6965	4.1137	1.7275	0.3958	8.4806	8.7695	0.0217	8.6912	2.1666	0.2231	3.6584	10.8248	0.9775	7.8461
1.2668	7.7929	0.1023	1.2115	0.6887	2.8718	4.8214	2.5665	1.439	0.5574	8.9919	5.5083	0.0062	9.0643	1.3515	0.2201	3.0161	9.7698	0.5935	5.1901
1.0557	6.3542	0.1639	2.7874	1.5883	3.6185	3.8006	3.8641	1.6809	0.707	7.1168	9.4655	0.035	7.4149	2.7106	0.1942	3.6654	11.2418	1.3754	11.2954
