46	32.8	206.9	101.2	77.6	68.4	35	166	143.1	124.7	0.2	1	1.8	0	47.1	47.2	22.5	21.5	72.1	92.8	38.8	109.2	181.4	110.2	27.8	0.2	184.3	137.3	224.4	210	33.3	94.8	132.9	72.3	90.3	161.2	149.3	96.8	58.7	92.9	40.9	85.4	233.6	163.7	256.1	184.8	148.6	234.4	90.7	94.7	176.5	80.6	152.2	52.7	66.2	110.3	105.3	3.3	26	36.5	30	54.1	132.8	45.6	51.5	60.7	28.6	35.3	94.5	107.4	54.3	27.2
0	29.7	4.2	23.2	67.4	71.1	20.3	54.4	21.9	9.2	4.5	3.6	6.7	12.4	94.5	56.4	8.7	137.7	183.5	21.9	30.7	76.3	50.8	72.2	25.9	74.7	17.3	18.5	93.6	90.5	91.1	79.8	40.7	71.5	64.5	78.2	70.8	144.2	114.6	39.1	45.5	89.8	7.4	13.4	18.4	97.2	25.3	23.3	13.5	58.9	88.7	63.4	122	21.2	51.8	46.4	124.6	10.5	0.7	0.8	5.1	30.2	8.8	19.3	7.1	9.9	26.3	55.4	86.2	133.9	5.7	7.5
88.9	19.5	24.1	28.6	59.2	45.8	43.3	358.6	130	122.7	39.8	19.1	12.3	32	51.9	37.2	7.3	242.4	48.9	65.2	71.4	93.7	43	21.7	25.1	74.7	47.7	39.9	48.1	55	11.8	26.4	71	362.3	351.1	368.5	367	69.4	90.3	16.4	27.4	20.3	83.3	16.5	15.3	0.7	24.5	10.8	108.9	35.3	441.2	22.1	4.2	427.1	42.3	171.9	421.9	2.2	7.2	10.3	48	52.1	42.2	74.9	12.6	65.3	66.7	35.4	363.6	186.4	51.4	43
0.5	0.3	3.6	3.4	24.8	5	2	251.7	120.7	66.4	32.9	43.4	42.5	62.9	55.4	85.9	138.9	226.9	83.1	58.9	26.8	26.5	17.5	3.1	1.6	0.6	143.4	106.3	1.7	0.2	27.7	14.4	22.6	143.2	133.4	74.7	177.8	62.3	143.6	53.6	35.8	62.4	66.5	82.7	80.4	51.7	58.7	91.4	67.5	127.2	36.8	126.3	88.6	138	74.5	126.6	37.9	5.4	15.9	20.4	7.9	81.3	4.1	57.3	10.4	25.4	12	23.4	191.1	170	44.1	35.6
1.4	0.6	0.4	3.5	62.4	6.1	4.3	98.7	95.1	86.3	36.9	121.7	76.4	63	23.1	120	454	243.5	25.8	25.4	18.9	39.6	7.2	1.7	17.5	0	80.7	93.5	3.4	2.9	52.8	6.3	23.4	117.2	125.5	126.7	122.5	36	54.5	25.6	33	16.2	107.3	147.8	133.8	126.8	65.7	62.7	98.6	96	181.6	113.2	80.3	103.6	67.2	71	48.7	65.2	8.5	9.4	4.9	64.8	6.2	99	5.2	14.9	16.2	4.7	104.2	165.4	16.8	12.9
1.4	0.4	0.7	4.1	51.2	15.1	17.4	46.4	138.2	58.2	29.1	146.7	29.1	33.9	67.6	107.9	178.6	550.4	19.2	14.3	6.7	50.9	7.8	1.1	26	5	119.9	95.9	19	17.2	169.1	114.2	11.6	103.4	104	164.5	165.1	46.7	51.1	66.2	17.8	20.9	84.7	134.8	240.7	121.5	139.3	157.3	82.3	160.2	95.1	130.6	74.7	134	55.5	100.5	9.1	56.1	10	13.1	0	59.7	10	56.1	2	12.3	11.6	30.3	103.7	110.2	27.3	17.8
13.3	0	1.9	0.5	11.5	5.4	0.6	74.4	53.1	24.9	10.2	38.2	21.7	7.5	78.3	51.9	123.8	218.1	5.5	12.9	1.4	8.5	10	3.5	33.6	0.7	34.7	77.6	4	3.4	74.7	67.5	0.2	70.3	64.8	70.5	73	20.7	47.9	20.8	6.5	16.3	74.2	104.7	97.8	151.6	59.2	74.3	126.5	80.8	85.9	78.7	138.7	36.8	87.3	48.6	33	17.7	10.8	11.3	7.2	34.9	27.7	86.6	10.9	3.8	7.8	5	59.5	70.8	4.5	2.1
24.7	4.4	26.8	37	67.4	53.1	23.9	17.5	67.6	6.4	25.3	118	33.8	19.7	33.6	39.3	409.1	79.1	83.6	62.3	5.8	99.6	19.1	22.3	95.6	3.6	28.5	39.2	51	50.5	142.9	116.1	78.9	26	22.6	21	21	92	48.1	66.4	104.4	40.3	52.6	16.2	1.3	163.2	96.8	67.3	74	91.7	11	73.6	69.6	20.5	42.8	58.4	4.2	78.8	24.9	22.6	31	85.2	47.7	24.8	34.9	14.6	13.8	42.8	33	27.5	78.7	91.4
0	1.4	5.4	5.5	26.8	29.8	11.9	84.7	158.1	85.8	15.5	41.7	53.3	18.2	59	58.5	278.6	117.9	74.7	26.7	2.1	80.1	0	0	32.6	2.6	161.7	113.5	137.3	129.6	128.9	88.9	80	81.8	81.2	82	81.8	120	24.7	92.9	122.9	86.5	54.6	61.7	44.7	72.7	116	88.4	46.4	195.1	45.2	162.3	41.8	109.6	70.4	51.6	63.7	40.6	35.6	44.3	4.7	58.6	32.6	57.5	52	73.6	64.1	30	67.4	54	94.6	95.3
0	0	24.3	53.5	3.8	3.9	14.6	51.9	84.9	62	37.6	26.5	16.8	20	60	19.8	77.7	72.7	32.7	17.8	89.8	71.8	1.3	0	4.5	0	71.7	39.3	82.4	90.8	166.1	62.8	44.7	74.7	74.7	187.2	186.7	59.6	146.3	103.8	31.9	114.1	18.3	118.3	137	165.2	86.6	103.7	41.6	110.4	75	82.5	78.1	95.9	61	76.5	17.8	27.7	25.6	27.7	30.6	46.6	34.2	15.2	24.8	16.2	28.2	16.7	109.8	125.3	33.8	65.8
27.4	35	25.2	62.7	23.8	33.2	7.4	98.7	157.6	191.3	31.1	13.8	12.3	30.6	101.7	33.1	9.9	82.5	83.8	54.6	64.5	104.2	14.7	47.4	8.4	1.7	136.5	114.8	59.7	63.3	60.6	139.9	31.2	225.8	74.7	240.8	256.3	45.4	25.1	79.1	46.2	36.3	180.9	25.9	164.6	71	64.8	79.4	68.3	111.9	121.4	78.7	32.9	189.3	30.5	205.3	137.5	1.1	80	48.3	20.6	9.3	45.5	20.5	81.9	36.9	55.7	3.2	198.9	132.1	52.5	80.4
32.3	77.7	18.4	55.8	107.8	204.9	72.6	213.1	151.5	34.7	4.5	6.8	7.9	18.6	15.6	23.9	0	37.7	20.5	32.5	106.1	87.3	113.8	190.2	43.4	4.4	151.1	97.4	75.9	86.3	33.9	27.9	76.6	90.5	120.6	94.7	97.5	207.2	66.2	66.3	81.4	41.6	75.4	65.1	102.8	94.4	179.2	113.1	82.3	100.4	63.2	24.9	31.7	94.9	57.2	109.6	196.1	0	25.9	23.5	64.4	125.2	57.6	26.8	13.1	19.8	12.9	17.4	176.2	56	70	58.5
113.8	33	52.6	104.2	47.8	186.6	38.9	216.7	89.6	231.1	13.1	0.2	0	10.1	34.8	18	2.5	8.3	202.5	96.9	47	115.7	28.7	111.2	0.7	0	135.1	184.4	59.7	50.2	82.4	84.5	231.9	97.3	136.8	116.6	113.4	74.7	84.7	60.3	162.8	106	102.8	224.6	187.9	54.1	105.7	79.5	205.4	84.2	144.5	58.2	80.1	118.2	28.6	138.3	199	0	25	18.7	68.6	31.2	24.9	11.8	57.2	23.8	35	17.7	106.6	77	137	93.8
34	29.7	81.7	33.3	74	45.7	47.4	147	88.7	192.3	1	10.2	3.4	6.9	43	36.8	0	47.5	99.4	32	280.8	27.7	35.2	61.9	12.2	0	159.2	200.4	32.5	32.9	83.9	62.7	43.7	65.8	71.1	94.9	94.2	14.9	76.1	103.5	103.6	87.9	68.5	69.1	141	44.4	74.7	200.4	82	138	62.4	134.5	33.7	95.4	85.7	68.2	178	0	42.4	49.7	37.6	60.9	11.3	28.8	26.3	55.6	55.3	31.8	78.4	68.5	112.4	113.6
22.2	55.1	43	54.5	110.5	69.4	69.1	105.8	140.8	208	11.3	29.6	8.1	16.7	41.9	67.3	6.3	96.5	8.2	31.8	94.9	77.3	17.4	3.7	39.5	5.5	60.9	79.1	37.7	40.6	157.9	137.9	51.8	201.8	191.4	208.2	193.2	77	88.9	90.8	45.3	38.6	67.3	87.1	69.1	143.2	125.6	120.6	84.6	89.1	53.3	176.9	84.5	101.5	91.3	110.8	22.9	2.1	31.7	28.5	12.2	91.2	9.5	55.9	7.8	47.7	17.8	97.6	153.7	142.4	24.2	19.4
0	0.3	2.4	2.7	54.9	10.3	6.5	110.4	74.3	113.5	27	37.5	39.3	21.4	158.9	61.6	85.3	657.2	17.9	15.5	9.3	59.7	0.3	0	3.1	0	125.7	115.6	48.5	51	62.8	68.6	2.1	161.2	169.5	146.2	148.7	68.8	43.4	70.1	50.7	39.8	69.3	94.4	88	68.6	60	93.5	73.4	78	11.5	113.4	201.4	107.1	71.5	87.5	63.4	9.7	6.4	2.1	2.9	61.1	6.6	74.7	1.5	5.8	5.7	16.5	128.5	124.7	0.5	1.1
24.4	22	41.3	115.5	25.3	76.1	79.2	61.7	53.7	54.7	15.1	19.6	26.2	18.2	38.2	69.7	160.4	283.4	52.4	24.3	72.6	44	14.4	10.3	25.1	6.2	159.7	127.4	64.1	57	195.8	182.8	35.7	91	91.2	62.6	62.3	86.2	80.5	64.6	61.3	48.5	83.7	110.7	113.8	125.6	77.8	82.4	100.6	84	108.1	85.1	143.9	48.3	64.6	46.7	39.9	24.4	6.4	7	24.9	84.8	13.1	10.3	28.1	5.6	0	5.4	68.4	62.2	80.4	74.8
30.7	5.4	27.8	21	42.1	52.2	9	96.4	74.7	49	6.2	10.2	10.5	6.2	40.6	23.1	11.8	294.3	15.3	2.2	67	21.4	17.4	30.7	29.5	0	66.2	96.5	39.3	40.4	185	139	19.9	76.5	80.8	147.2	158.5	71	60.8	25.7	21.1	13.9	83.5	99.1	118	96.8	78.4	97.6	103.4	90.3	67.2	79	84.1	66.2	56.9	71.6	37.4	11.9	3.2	1.4	7.2	58.8	3.5	27.4	9.9	2.2	1.7	21.1	76.4	67.5	19.8	18.2
1.5	3.3	2.1	3.8	43.3	26.3	4.4	56.7	112.7	67.3	18.6	45.4	7.8	39.1	44.3	42.7	264.7	176.3	36.3	22.2	1.6	61.2	0.6	1.4	55.2	13.2	33.1	49.6	9.4	8.3	36.4	15.8	25.1	33.3	38.9	74.8	76.8	56.9	43.8	46.7	61.2	40.7	59.4	90.6	77	41.1	59.5	66.9	72.1	48.6	45.4	51.1	57.7	61.6	18.2	57.2	47.2	36.6	13.3	13.2	0.4	54.5	6.1	10.3	7.3	17.9	18.8	10.8	49.1	45	66.4	41.4
74.7	22.8	75.9	54.7	25.7	30.5	3	25.1	74.7	42.4	21.7	8.6	3	12.6	48	16.3	4.8	321.7	72.3	56.5	28.7	80.7	10.6	18.9	19.2	1.4	108.3	106.6	133.9	133.5	43.5	163.8	126.2	102.2	112.6	165.4	159.8	51.2	71	105.6	60.6	91	48.6	60.3	32	23.4	60.8	47.2	83.5	49.2	30.5	30.6	36.4	121.7	33.8	106.4	19.1	6.3	16	10.6	30.1	63.1	46.4	55.5	48.9	40.7	40.4	17.7	124.4	114.3	94	87.5
73.1	20.9	17.2	57.5	55	41.3	44.3	53.2	74.7	137.3	37.4	29.8	21	31	41.3	36.5	52.9	127.6	48.7	36.6	21.4	67.6	3.9	6.7	23.9	1.2	47.8	50.3	74.7	102.5	128.9	57.9	72.9	254.7	215.3	216	219.5	57.9	99.6	94.9	115.1	51.3	98.7	94.5	54.7	71.2	129.5	92.1	40.7	137.9	9.3	108.6	33.5	197.4	64.7	115.9	42.3	11.9	24.2	19.5	15.1	97.5	39.7	2.2	53.8	47.4	30.1	7.2	189.7	102.8	84.3	88.2
87.8	34.8	196.9	38.8	44.3	86.8	38.7	99.9	98.5	65	4.7	6.8	4.5	12.4	63.2	5.5	15.5	42.2	105.6	53	118.6	141.6	0	0.6	74.7	0	24.6	30.2	254.9	290	92	301.2	248.6	81.5	97.7	54.8	52.8	24.7	63.3	49.4	146.1	36.4	13.7	5.8	0.7	55.9	38.4	80.5	23.8	104.9	24.4	14.3	2.6	41.2	55.3	23.4	62.1	0.9	169.2	149	42.4	82	37.4	51.5	84.4	133.4	102.5	26.3	81.9	72.6	180.7	240.8
64.9	19.5	74.7	44.2	14.1	25.9	96.8	109	96.9	61.2	27.2	21.6	12.3	22.7	23.7	5	1.1	67.5	132.3	143.8	42.9	140.4	1.7	3.8	4.2	0	44.8	77.2	429.1	445.6	58.9	126.6	76.8	121.8	82	59.8	62	145.7	61.7	98.1	84	41.3	151.2	46.3	43.5	69.1	61.6	117.9	39.1	52.2	255	37.8	74.7	66.3	25	111.4	162.5	0	27.7	54.8	8.2	20.3	26.8	18.2	79.4	31.1	31.9	1.4	39	61.7	44.1	30.7
56.4	25.2	29.8	47	42.9	92.7	13.8	82.5	172.7	39.2	0	9.3	6.6	0.7	9.3	7.9	34.7	32.5	26.8	68.6	215.3	30.7	97.2	212.1	2.7	0	121	116.3	179.7	148	316.4	206.2	89.3	161.4	107.1	68.7	67.2	86.7	59.6	205.6	44.6	47.3	113.1	84.6	91.5	112.7	189.5	56.7	74.4	65.1	132.2	109.3	100.4	146.8	43	144.7	193.6	0	13.6	20.3	112.9	88.9	45.5	93.3	41.8	74.6	20.5	12.8	52.9	105.3	44.1	36.8
69	28	16.6	3.9	59.9	103.2	40.4	128.6	170.5	59.4	4.2	0.6	16.4	7.1	12.7	36.6	0	31.6	160.2	33.1	64.2	107.6	89.5	68.8	13.1	9.6	64.6	29.8	32.1	32.7	19.1	29.8	61.3	59.7	48.6	47	47.3	36.1	21.6	362.4	207.6	192.8	70	220.8	157.2	81.8	94.3	40.1	100.5	35	131.4	127.2	85.7	107.4	54.3	78.6	26.6	0	25.5	42.1	74.7	61.7	21.3	21	115.2	23.1	68.6	12.5	87	100.7	148.9	122
39.4	18.3	43.7	4.9	78.4	84	27.3	168.7	82.9	2.8	12.5	25.3	26.4	20.7	61.3	30.5	3	76.4	63.4	30	11.1	55.6	22.8	50.2	28.2	0.7	59.6	74.7	120.3	118.6	94.2	12.2	52.8	62.8	75.9	43.6	47.2	60.5	165.5	13.1	92.9	72.3	23.3	58.2	22.6	73.4	74.7	45	39.6	68.4	160.6	63.2	57.6	44.3	47.9	98.8	233.8	12.4	19.4	46.1	74.7	34.3	10.2	26.8	33.1	19.3	4.1	51.6	38	56.1	72.5	106.4
0	0.3	4.3	0	64.1	14.2	8	108.6	101.5	136.9	24.5	45.5	21.9	17	50.9	81.1	80.8	222.4	127.6	93.7	4.2	112.4	0	2.9	1.4	0	73.3	84.5	78	94.1	61.3	69.8	106.3	99.7	115.7	56.2	59.7	75.9	149.4	50.5	123.5	82.4	34.4	88.3	106.6	57.3	74.7	238.3	27.3	83.8	185.2	47.3	68.7	115.2	57.5	119.3	162.3	6.8	36.9	33.2	29.8	47.6	28.9	31	35.6	9.5	3.5	18.4	102.4	83.3	118	142.6
16.3	6.4	4.2	74.7	20	45.6	1.8	0.6	76.8	30.6	25	20.9	26	25.8	44.4	58.9	8.7	174	74.7	14.8	5.2	12.8	58.3	34.9	0.7	0	33.6	41.1	21.5	21.7	71.2	46.1	4.1	95.6	91.4	87	85.8	77.8	58.2	25.3	9.5	2.7	9.2	34.6	56	50.6	67.2	84.4	64.7	118.3	3.5	78.9	51.9	90	83.9	94.2	10.4	4.8	5.7	4.7	4.3	20.3	1.1	4.9	0.4	1.2	4.6	12.4	162.2	201	2.1	1.6
11.4	16.1	21.7	74.7	91	113.4	22.5	82.1	199.1	74.7	16.7	41.8	26.4	27.9	62.9	63.3	189.6	380.2	74.7	26.6	0	70.8	18.5	32.1	55.3	5.6	92.9	105.2	45.1	46.3	99.2	67.9	102.3	122.6	128	74.7	125.1	70.9	80.7	88.1	87	75	206.8	142.3	152.1	74.7	160	244	119.1	74.7	46.2	74.7	74.7	74.7	93.1	123.5	13.8	21.9	12.1	3.1	17.9	123.1	23.5	74.7	18.1	3.9	9.7	57.9	121.6	107.6	52.6	52.9
0.8	2	1	7	74.7	93.7	17.1	84.9	129.9	52.8	26.9	111.8	21.1	23.4	103.3	99.5	438.7	74.7	8.4	0	30.7	16.6	15.3	13	55.7	5.5	66.5	67.2	20.6	18.4	62.8	74.7	12	86.7	90.8	66.9	43.4	68.2	72.8	43	17.2	34.5	78.2	96.1	95.7	93	100.4	120.5	55.4	78.1	58.4	176.7	144.2	42.3	64	37.2	68.1	91.4	2.5	2.2	0.3	50.4	4.1	74.7	0	5	2.7	16.1	60.9	84.9	9.3	9.8
0.4	3.6	2	6.1	41.1	70.6	20.3	77.4	125	75.5	3.7	63.7	13.8	11.4	67.4	59.3	199.6	239.4	9.7	8.4	1.2	89.3	30.4	15.5	34.3	0.5	111.7	96.1	60.9	57.3	119.2	71	55.7	212.9	215.5	160.9	159.6	136.8	58.6	90.5	65.8	40.8	114.6	171.5	231.2	176.6	118.2	138.1	98.1	94.1	124.3	109	100.7	235.4	80.2	128.2	32.9	46.3	2.4	5.7	2	82.5	8.7	30.5	3	7.4	17.6	11.6	132.2	124	21.6	18
15.5	0.5	3	4.3	66.3	6.1	16.7	114.1	112.3	72	17.2	19.9	23.4	17.4	30.9	68.8	4.1	187.2	38.1	9	0	82.3	1	1.1	23	0	133.1	114.2	100.8	105.5	53.8	143.8	67	163.7	167.8	161.9	160.2	81.7	49.4	51.5	46.2	49.3	72	63.6	79.9	78.5	172.6	192.7	90.3	146.6	66	121	101.5	146.6	59.7	154.4	52	0	14.7	7.9	13.2	89.8	17.7	20.2	11.9	9.9	9.2	22.8	117.7	117.9	35.1	27.9
14.6	0.4	10.3	14.6	68.5	10.7	23.7	42.8	206.1	117.6	14.5	4	7.7	9.3	22.5	14.5	11.6	88.8	73.8	52.2	27.3	135.8	0	0	0.6	0	70.4	68.7	148.8	147.7	75.6	50.4	52.1	99.2	94.9	110.6	110	46.6	96.5	91.5	138.6	129.1	62.5	48.8	77.4	81	146.6	142	90.6	121.1	62.7	94	120.4	82	39.4	55	80	0.4	13.5	6.2	35.1	74.8	28	29.6	47.1	9.5	25.7	13.3	123	78.2	111.5	84.4
8.5	28.1	97.5	23.2	63.4	59.8	9.7	106.3	226.4	87.9	37.3	17.6	41.1	36.1	144.7	53.3	25.9	87	83.8	48.7	29.9	92.8	0	10.2	14.7	0.2	24.2	41	155.8	183.7	117.2	91.9	98.1	26	23.7	68.6	72.7	122.8	58.4	125.2	114.7	80.4	76.1	43.6	22.6	165.4	74.7	197.8	75.2	79.7	63.6	124.6	86	48.9	73.3	50.8	9.6	0.5	42.6	47.5	26	99.7	66.8	74.7	78.5	58	140.9	24.5	65.2	99.6	154	141.9
44.8	0	21.3	5.7	13	7	17.9	97.1	194	49.9	3.7	20.1	6.2	8.1	104.8	27.6	1.2	34.8	99	86.8	9	374.3	62.4	45.2	18.4	0	166.2	34.5	118.2	123.3	96.8	25.5	223	133.7	95.2	73.5	79.6	202.6	112.2	97.9	262	150	43.8	36.4	100.7	64.8	94.6	28.7	57.7	45	40.2	25.7	126.8	110.9	77.2	97.3	161.9	0	41.9	60	29.3	42.1	32.2	37	57.8	39.3	91.5	19.9	83.9	162.1	220.9	74.7
2.8	65.2	43.6	104.3	10.6	87.2	22.1	153.9	133.9	134.5	2.7	0	1	4.1	21.1	11.9	0	35	191.7	45	291.1	264.1	97.7	143.8	6.3	1.2	41.9	64.3	119.8	120.9	37.3	6.6	151.6	216.7	234.4	91.1	97.5	184.4	52.6	177	182.4	152.6	145.5	87.5	57.1	110.8	55.6	137.9	116.6	80.5	220.1	41.9	62.7	113.6	121	142.4	214.2	0	82.4	65.2	13	41.2	24.2	0.6	107.3	32.9	36.3	16.5	106.7	105.5	74.7	90.3
36.7	34.6	89.9	133.9	27.5	144.5	116.2	188.8	117.3	32.2	9.1	4.3	0.2	1.1	17.5	17.5	0	114.3	40.6	59.2	118.3	27.5	64.7	89.1	50.8	0	148.5	159.8	34.3	29.7	219.6	152.5	139.9	120.1	99.9	100.2	92.1	26.2	41.4	39.5	55.2	43.8	161.4	400.9	402.9	286.6	16.4	11.2	73.3	93.8	233.5	203.7	253.4	67.2	110	73.3	286.5	0	23.6	22.5	124	123.7	34.2	11.9	15.8	39.8	38.2	7.7	50.7	134.8	74.7	15.6
98.5	19.2	67	10.8	29.9	8.3	1.6	233.4	50.4	129	3.9	10.2	7.5	74.7	29.5	13	0	46.2	62.4	108.3	93.4	315.4	26.1	19.5	2.9	0	30.7	33.9	40.5	49.5	390	171.6	141.8	243.4	253.8	259.3	252.3	248.5	103.3	289.8	119.1	42.6	52	7.6	0.5	134.7	22.2	28.9	14.5	4.3	74.7	39.7	9.6	155.6	132.5	81.1	95.7	0	31.9	24.1	33.5	46.1	51.8	23.4	63.8	15.5	12.9	34.6	155.1	112.7	74.1	122.6
59.4	25.5	75.2	122.5	14.5	67.7	35.1	391.6	64.3	40.2	2.7	26.9	1.8	14.6	14.9	27.6	73.1	103.1	139.6	81.5	15.1	54.2	0	10.8	11.9	0	37.1	43.4	49.8	50.9	50.7	43	50.5	76.4	74.3	54.1	48.9	88.7	60.1	49.1	79.4	31.2	123.5	105.5	122.1	68.8	36.2	100	121	48.1	100.2	53.9	29.3	71.7	37.4	97.8	172.7	7.3	27.8	33.8	13.9	27.7	16.8	53.4	34.7	42.1	35.2	14.8	68.1	109.8	135.4	123.1
0.2	2.8	1.7	4.8	35.2	24.1	4.7	77	112.1	119.1	17	40.5	19.6	23.6	24.6	53.6	150.5	336.2	20.6	26.6	3.3	54.4	12.7	21.2	12.9	15.5	37.3	39.9	71.2	55.8	64	49.9	33.1	110.1	115.6	74.7	110.9	25	103.6	36.1	74.7	33.4	124.5	98	66.9	63.8	60.2	63.7	88.2	103.3	27.3	67.5	40.3	71.2	109.1	86.4	29.5	14	12.7	17.6	1.6	25.4	14.5	9	13.8	25.2	47	14.6	130.5	112.6	30.8	27.1
1.3	8.1	2.9	4.6	81.3	128.4	18.2	44.9	152.1	102	21.8	127.6	42.1	30.1	64.9	99.2	57.4	259.1	20.7	38.3	3.1	63.7	17.4	8.3	20.5	2.1	118.2	116	19.7	14.5	157.7	40	74.7	155	177	197.1	198.7	118.2	112.1	132.8	55.2	67.6	68.6	143.3	136.1	200.7	125.9	166	85.3	184.5	10.4	266.9	104	185.9	67.8	84.1	13.8	30.9	14.1	25.7	7.6	64.1	2.8	18.1	2	26	16.2	33.3	134.3	129.2	21.6	18
0.2	1.3	0.7	0	29.2	23.3	0.5	37	142.1	36.2	17.4	32.6	23	3.4	34.4	70	22.9	425	13.3	12.1	0	3.9	20	4.8	33.5	0	50.8	60.7	2.9	2.1	80.1	24.8	74.7	90.8	92.1	103.5	109.5	18.1	57.7	26	25.5	10.4	42.6	44	38.4	76.9	112.3	139.4	44.8	143.9	58	181.5	62	63.9	40.1	60.6	39.2	74.7	18	12.6	7.4	99.8	23.8	13.3	21.1	10.6	2.2	16.3	73	73.4	11.3	10
4.3	0	9.2	7.9	27.5	13.5	2	40.2	65.9	31.4	12.2	23.8	9	22	47.9	30.9	469.3	58.6	11.3	21.5	5.3	36.2	19.4	7.7	68.4	41.4	54.3	48	53.7	62.7	31.6	31.1	11.4	73.1	79.2	60.1	60.8	35.4	83.8	61.1	14.9	22.9	69.3	98.4	106.4	83	64.2	84.8	123.2	80	32.1	116.3	87.8	32.3	57.2	49.5	14.1	48.8	1.3	2.4	1	39.8	4.7	0.7	21.1	21.4	32.5	7	78.6	51.9	23.7	17.2
4.8	14.1	5.7	53.6	81.3	30.5	24.7	77.6	66.7	135.7	16.1	36	35.6	17	86.4	73.7	186.9	190.5	36.1	70.4	5.9	147.8	3.2	6	19.3	0	99.3	108.1	88.9	109.9	117.6	158.2	77.7	84.2	85.6	75.7	79.8	70.2	40.7	139.4	152.6	59.3	84.6	317.8	301	219.9	58	71.4	221.6	158.3	113.4	133.8	226.6	64.7	49	82.5	28.8	9.3	3.4	3	7.5	67.7	52.4	72.5	19.6	46.6	90	12.8	62.5	63.3	17	8.3
7.3	3.3	9	52.5	79.9	60	24.3	96.9	144.4	70.9	23.4	42.7	11.8	36.4	102.9	80.9	42.5	106.2	49.3	27.5	1.6	122.7	7.8	2.6	46.5	0	75.3	83.3	126.8	122.2	53.5	138.5	145.7	93.2	99.9	170.6	169.7	161.6	65.8	117.5	129.8	71.6	137.3	166.6	201.4	48.7	104.2	145.7	85.3	155.3	159.4	74.7	87.3	49	108.5	103.5	32.8	8.3	47.7	56.5	74.4	184.3	63.6	104.8	65.5	22.7	34.5	37.1	97	84.7	53.8	32.1
9.6	16.6	37.3	13.4	66	57.2	36.4	88.4	153.7	124.6	23.8	30.2	25.6	35.4	28.3	45.8	118	144.6	27.9	51	36.8	80.1	5.3	8.8	10.3	0	256.3	183.3	72.4	72.8	252.3	74.7	13.3	106.4	105.4	94.1	94.2	151	86.4	96.4	74.6	101	283.9	98.6	106.7	139.8	164.2	204.4	91.1	74.7	163.7	230.3	127.3	138.3	87.6	100.9	431.8	10.9	10.8	9.7	52.8	80.7	24.2	21.1	90.8	51.2	27.4	37.5	119.3	143.5	39.9	19.7
90.5	6.6	54.1	49.7	23.2	67.9	42.2	155	138.9	99.5	27.5	156.3	99.6	49.4	32.7	84	40.5	26.3	98.4	95.8	13.1	166.1	0	18.9	22.3	0.4	118.8	119.4	44.2	47.5	4.1	66.8	209.1	139.1	146.3	111.9	112.6	125.1	46.6	105.6	140.3	109.7	54	32.3	40.6	28.5	97.6	132.6	38.1	155.7	129.7	32	42	204.1	54	118.3	104.9	2	21.8	30.9	107	68.6	117.4	111.5	149.1	88.3	40.5	35.9	208.8	59.9	145.1	116
74	26.4	153.8	55.5	23	84	126.4	75	133.4	83.4	0.2	5.6	17.6	5.9	120.2	18.7	0	40.3	91.6	21.3	3.6	111.9	51.2	75	24.8	3.6	147.8	69.2	124	129	141.1	154.9	121.7	221.4	204.2	74.7	284.8	155.2	86.3	64.8	81.4	51.9	147.4	130.6	146	116.3	147.3	158	57.9	244.1	159.4	172.5	123.6	151.9	97.2	128.1	224.7	0	56.1	118.3	35.1	47.1	73	24	115.6	87.4	69.6	2.9	128.1	130.6	69.3	57.6
18.1	9.7	36.3	34.3	29.5	65.6	44.8	165.1	69.6	99.9	26.7	13.2	17.5	21	39.3	15.8	2.2	42.2	69.4	92.6	40	211.1	26.1	78.4	0.7	0	80.7	104.5	182.4	219.9	85.4	86.4	123.4	83.1	96.5	51.8	56.1	129.9	84.8	127.2	152.2	122.1	23.7	176.6	182.4	79.7	77.8	34.2	131.6	74.6	191.3	50.1	166	82.4	96	125.4	76.2	0	70.9	72.5	22.7	11.5	50.8	25.5	116.3	17.7	28	6.3	79.1	45	92.6	95.1
5.4	14.3	11.1	9.4	25.9	97.5	15.3	98.6	77.7	107.5	1.9	7	0	0	15.8	16.3	0.2	99	22.9	40.2	92.7	23.5	29.4	45.3	9.5	0	251.4	74.7	68.7	80.2	287	105	82.4	46.6	54.4	50.9	54.1	17.8	68.7	29.9	54.4	12.4	80.7	71.9	96	233.9	109.3	85.8	261.8	160	121.8	165.7	219.9	30.1	46.5	60	78.4	0.9	11.8	9.5	0	41.4	19.2	32.4	40.9	26.3	10.1	17.4	34.5	68.4	36.8	44.9
14	8.7	65.6	57.3	24.1	44.1	85.1	102.7	144.8	78.6	26.7	53	28.5	24.6	78.1	60.5	250.7	357.4	143.5	46.2	46.4	170.9	2.4	16.5	31	0	145.7	139.1	186.2	152.9	445.5	333.9	91.3	115.6	113.2	174.9	170.8	205.3	147	156.7	165	142.4	76.4	92.3	93.5	177.3	162.1	235.6	213.2	152.5	33.9	190.7	123.5	111.2	64	81.9	25.8	68.5	21.9	20.3	32.1	108.8	56.9	78.1	35.6	42.1	50.9	14.7	142.1	123.2	127.1	120.3
6.3	15.9	5.2	7.7	27.2	19	13.4	116.9	33.3	218.2	11	10.8	12.6	14.7	41.8	7.6	30.3	449.4	4.3	10.1	36.2	74.3	4.3	2.5	0.2	0.3	161.6	138.6	40.2	32	54.7	19	37.3	110	107.4	89.1	86.7	92.3	20.2	33.6	38	9.9	114.8	51.9	48.4	39.6	18	23.2	120.2	33	20.2	101.6	129.4	45.4	25.9	49.2	20.8	6.7	0.4	0.4	9.7	24.6	2.6	0	5.3	0	1.1	12.2	107.5	88.2	1.5	2.1
15.9	3.5	27.9	3.1	41.6	56.2	3.9	316.1	140	207	11.6	22.5	7.9	14.2	57.7	23.5	114.8	139.6	54.7	40.2	123.6	51.6	14.5	14.4	28.1	3.3	74.7	239.3	28.7	26.4	204	55.1	44	121	136.9	200.3	196.3	95.4	73.9	100.3	79.3	56.3	224.9	211.1	212.8	189.6	82.5	92.8	229.4	187.6	143.7	231.1	277.5	101.7	44.4	68.4	145.3	42.5	7.7	8	22.9	52.1	28.5	28.9	7.4	43	24.6	30	106.3	96.7	82.7	65.3
20.4	13.7	29.9	29.9	12.4	94.8	11.4	103.1	87.8	71.9	40.4	105.4	28.7	44.8	16.7	68.8	554.7	221.1	30.4	27.4	12.7	28.3	52.4	107.4	50.8	21	159.1	188.3	50	48.3	148.2	71.3	6.9	70.4	70.8	84.1	84.4	32.9	44.1	28.4	33.7	27.7	115	185.5	200	101.6	64.5	90.4	157.1	149.5	133.1	128.4	225	61	19.2	68.2	96.8	67.4	10.6	13.9	0.7	37.8	1.1	10.4	5.1	21.7	3.7	8.2	97.5	43.9	19.4	14.3
31.3	16.1	41.8	35.4	55.7	67.4	18	101.3	120.3	100	6.7	7.8	15	22.6	6.7	20.6	300.1	83.7	17.1	12.8	84.7	41.1	50	44.9	37.6	37	83.4	89.6	41.4	41.7	61.9	103.3	14.9	181.5	188.5	148.6	153.8	40.7	47.3	29.3	24.2	17.5	58.5	82.4	83.7	97.6	44	68.7	104.1	96.8	68.9	82.9	120.3	132.6	32.8	68.7	121.6	60.3	0.6	1.6	14.3	50.6	21.5	22.7	15.7	12.9	11.4	11.3	53.3	46.2	29.9	24.9
7.3	8.4	20.9	54.4	81.2	59.9	65.5	103.8	98.2	149.3	13.8	39.6	50	16.7	32.5	32.7	107.6	161.8	24.1	19.9	3.5	57.1	7.7	14.4	44.7	0	118.4	102	50	57.3	45	112.7	56.4	361	380.8	477.1	475.7	66.9	3.8	41.8	44.6	15.6	63.5	77.5	78.2	156.8	74.7	74	60.8	85.6	46.7	141	108	119.8	35.3	76.7	191.9	17.3	3.4	0.8	22.1	113.3	5.5	71.4	26.1	21.2	16.4	15.3	117	71.6	59	47.3
15.7	15.7	25	34.7	61.9	41.2	38.9	51.8	54.5	23.2	36.6	60.3	24.6	54	68	69.4	227.1	116.6	77.9	33.4	94.3	133	4.4	15.4	48.6	10.3	41.4	56.1	89.7	86.9	67.7	33.9	128.9	52	51.1	45.5	48.2	34.3	28.3	70.1	122.3	63.9	25.1	92.3	92.6	112.4	66.5	86.2	37.9	53.3	6.4	145.6	72.7	44.4	18.2	62.2	49.7	62.1	21.6	11.3	81.9	117.8	77	84.1	74.2	34.1	41.6	36.1	59.1	54.1	108.9	64.5
20.5	4	19.4	67.1	23	21.9	12.9	85.4	143.9	82.1	74.2	40.2	28.9	26.4	98.2	40.5	77.5	144.5	48.7	130.5	40.8	191.3	0	0	21.8	0	109.4	135.5	174.3	166	57.1	29.8	62.8	71.1	76	47.7	50.4	77.4	41.3	127.8	114.4	90.3	88	100.8	69.7	136.2	289.7	260	80.8	182.8	43.3	160	74.7	57.7	87.5	69	65.1	5.2	107.9	90	78.9	94.8	101.4	112	49.1	95	89.7	24.7	46.9	60.3	76.5	112.3
28.2	19.4	16.6	65.7	12.8	20.7	28.9	162.9	82	32.9	26.5	34.1	18.2	14.1	128.9	57.8	8	84.6	213.9	137.6	189.8	238.5	0	5.4	11.5	0	62.5	59.6	134	150.8	47.6	304.2	190.1	101.6	88.7	105.2	98.3	250.5	177.2	179.5	328.9	121.4	186.9	95.6	74.7	57.9	97.3	32.5	63	69.6	84.9	80.7	60	74	125.1	119.5	97.6	0	56	62.8	43.5	65.7	105.9	64.4	129.1	155.8	93.6	23.4	101.1	74.7	276.1	182.1
124.4	105.9	120.8	28.2	56.8	121.7	154.4	175.6	102.2	58.7	13.8	7.3	2.1	0.9	39.9	15.6	0	2	103.7	89.2	77.2	210.4	42.5	154.4	29.2	1.3	218.1	107.7	110	82.9	102.6	96.6	153.7	92.2	116.4	91.2	79.2	139.9	137.6	101.1	152	242.8	102.8	56.8	55.6	81.9	203.3	192.8	49.5	135	47.6	20.2	98.5	68.3	113.9	81.9	58.8	0	60.2	47.7	33.3	63.1	48.7	11.5	125.2	37.6	45.5	5	55	111.4	194.3	127.4
31.3	26.4	72.3	114.5	61.9	56.2	13	129.7	81.8	88.3	3.9	7.9	11.9	4.8	40.6	43.6	3.2	66.1	155.6	74.6	5.3	98.3	26.3	127.2	8.5	4.5	69.5	100.2	66.2	55.3	79.3	26.7	58.5	113.8	146.1	77.8	74	50.4	40.9	121.7	373.5	123.5	161.9	127.8	113.7	79.4	6.5	73.5	91.9	129.3	167.5	43.5	88.8	127.6	36.9	102	147.8	0	60.1	64.3	8.9	63.8	23.3	6	23.4	21.6	94.7	31.6	28.8	58.8	53.5	65.5
53.9	25.5	44.9	3.5	28.4	33.5	7.2	264.7	144.4	150.5	25.4	7.4	1.2	1.2	68.3	30.9	5.6	205.1	157.5	187.2	316.2	206.4	0	17.5	3.8	0	92.8	101.2	71.4	73.5	9.4	38	95.1	39.2	38.2	66.5	67.9	87.5	198.4	50.4	95.6	137.7	91.4	41.8	36.6	8.8	19.6	56	129.4	108.9	90.3	39.7	19.9	92.7	98	144.3	215.8	0	14.8	18.4	1.8	6	5.4	2.1	13.9	108	59.1	12.6	121.3	160.2	169.3	53.3
0	15.8	19.6	17.8	75.6	59.1	0	51.7	74.7	49.1	22.2	62.8	43.5	29.6	9	63	154.7	157.4	24	65.1	0.2	23	30	3.8	57	1.2	31	80.3	43.8	39.3	43	59.2	24.2	124.8	112.6	90.8	93.3	19	57.3	30.5	11.5	54	9.8	14.3	4.8	84.5	39.6	63.6	63.5	58.4	0.6	79.7	77.2	164.8	59.2	97.2	0.3	13.7	10	25.8	11.1	90.3	22.9	15.8	34.5	12.8	12.8	41.1	119.8	106.6	3.5	2.7
0	1	9.3	4.7	39.8	4.5	4	20.8	90.1	10.9	25.7	53.1	22.1	33.4	77.7	79.1	77.9	286	5.6	38.3	0.7	33.5	0	1	48.1	0.3	130.6	141.8	46	47.6	159.2	58.8	44.8	74.7	113.8	112	106.4	97.8	79.2	31.1	42.9	43.7	21.5	99.9	116.3	74.7	112.5	150.4	102	177.9	22	165.1	147.4	58.3	39.3	75	78	27.4	10.9	11.8	18	55	13.7	30.1	7.8	24.4	27.7	33.6	113.9	97.3	57.4	52.8
0	3.3	0.9	8.4	28.7	81	8.4	66.4	89.1	55.9	44.4	100.8	58.6	69.6	56.1	74.7	257.7	323.9	47	27.4	0	19.5	22.2	16.4	83	8.5	35.5	29.6	11	15	19.6	16.4	0.6	98.9	98.6	127.5	126.1	58.7	81.7	60.8	22.7	50.3	33.9	14.5	19.5	43.8	52.6	70.1	44	63.9	11.6	39.1	40.2	93.3	97	74	9.7	76.9	11.6	27.4	4.8	92.6	13.9	20.6	2.6	18.2	12.6	62.6	185.3	132.8	9.1	6.2
2	0	1.9	3.8	36.2	4.9	11.4	44.4	99.7	81.6	30.8	5.9	21.8	11.4	79.3	74.7	33.6	489.6	35.8	15.4	73.2	35.7	0.4	2	10.5	1.5	40.9	55.3	10.1	8.8	116.4	131.6	23	78.4	82	121	124.3	28.7	50.8	20.2	20.6	30	48.8	107.9	105.5	107.6	44.8	60.6	87.9	101.9	126.6	111.6	77.5	68.9	30.1	35.9	119.1	45.8	16.2	99.8	1.5	71	13.7	12.8	20.2	49.2	21.7	1.7	67	32.7	33.4	27
0.2	3.4	7.6	6	28.8	18.3	10.6	92.7	128.6	39.3	5	17.8	7.3	31.1	114.6	27.3	201	202.8	30.6	2.9	1.4	61.7	7	5.7	50.9	0	70.1	73.6	67.9	78.9	71.2	31	30.4	94.5	102.8	126.1	125.5	73	13.1	49.3	27.4	33.5	124.5	129.9	119.5	72.5	138.7	198.8	111.2	154.4	100.4	86.5	158.1	116.5	26.9	115.7	11.9	44.3	21.5	60.5	14.4	95.3	10.9	46.9	13.2	27.2	35.1	17.4	84.7	69.8	22.8	20
0	0.4	2.5	0.5	46.9	17.9	15.5	89.6	151.3	64.6	27.9	79.5	75	47.3	80.5	96.9	483.3	364.9	23.2	5.6	0.3	47.1	2.8	0.9	24.1	0	200	179.2	20.9	15.8	22.7	10.9	47.5	116.4	106.2	70.9	71	44.7	34.7	53.6	44.3	73.6	123.3	90.7	136.2	205.7	116.9	124.7	193.3	172.3	106.3	259.3	224.1	143	76.2	126	160.2	55.5	32.7	133.9	11	105.5	17.5	8.9	25.1	32.2	17.2	21.2	103.5	115.4	16.2	14.3
0	0	0	19.4	91.6	42.6	11.6	85.5	244.4	10	17.5	29.6	47.5	31.3	142.8	102.3	33.3	200.8	73.4	77.8	0	114.2	9.2	3.2	51	1.3	174.9	116.2	54.7	44.5	124.3	49.2	78.3	127.5	124.6	132.1	135.4	164.1	98.2	118	111.4	115.3	57.5	43.5	38.6	124.7	323.9	375.9	72.6	254.3	74.7	178.4	130.5	122	88.8	195.9	59.6	2.4	15.4	74.7	40.4	140.9	47	19.1	56.4	94	65.9	41.3	144.4	79.3	96.6	76.1
0	0	3.6	16.1	46.9	20.9	3.5	39.7	182	20.3	69.9	37.2	22.5	60.7	73.8	95.7	122.1	91.6	141.4	71	14.1	87.5	0	0	83.4	3.7	93	72.9	105.5	105.8	72.8	77	114.9	116.2	105	78.9	79.5	129	73.5	223.1	144.8	45	59	1	18.1	18.2	199.7	180.4	10.8	70.6	43.3	56.8	38.4	144.1	84.5	122.6	27.6	10.9	153.2	152.5	85.7	141.4	165.3	172.6	92.4	146.9	131.3	63	96.7	122.5	102.7	125.3
0	5.3	1.3	12.9	16.7	2.9	50.4	30.8	169.7	94.2	20.8	42.1	30.7	13.5	67.6	44.6	51.8	63.8	109.1	148.9	51.8	120.4	0	9.5	7.1	0	66	86.9	43.7	44.4	52.7	23.7	85.9	87.9	112.2	106	99.5	97	98.2	101.5	270.3	98.9	57.7	58.9	59.3	147.4	98.8	130.6	99.4	200.3	97.2	152.2	94.2	134.7	42.1	98.7	161.2	50.8	130.3	131.7	32.5	56.2	44	9.5	123	37	83.7	20.6	106	191.4	123	120
26.1	36.7	45.7	3.1	46.5	96	25.3	205.6	140	121	5.8	4.8	8.5	4.9	16.6	17.6	4.9	56.7	175.1	109.1	7.5	111.4	39.4	93.9	19.4	10.3	36	100.4	17.8	6.4	91.8	40.1	68.7	29.7	23.5	45.4	54	42	39.2	94	91.6	105.5	140.2	101.5	157.5	187.7	166.1	65.8	82	107.1	69.5	122.3	105.4	50.3	59.4	15.6	79.2	0	52.6	45.2	56.2	81.4	29	1	156.6	75	67.4	35.3	55.7	175.2	88.7	101.7
19.9	24	47.5	48.3	11.2	152	37.2	105.5	116	211.2	5.6	0.8	0.5	0.4	10.8	21.9	0	9.1	68.7	30	8	53.9	25.9	63.9	4.3	0	27.3	65.8	54.4	45.5	84.5	1.2	71.5	148	179.5	185	198.5	46.8	11.7	106.3	56.5	31.3	182.4	22.7	88.6	29	73.2	18.8	23.7	13.8	115.1	54.3	45.8	304.7	84.1	191.3	178.5	0	46	24.6	14.9	38.5	45.2	2.8	63.6	61.6	49.5	8.1	223.2	272.1	201.7	152.1
7.6	13.4	18	33.4	29.5	58.8	14.2	58.7	175.5	115.9	0	1.1	0.3	0	19.3	6	0	65.5	5	86.9	26.1	20.5	39.9	46	13	0	128.8	91.2	83	69	50.5	18.1	45.9	93.5	97.2	187.3	190.2	57	124.9	95.8	21.9	77.9	142.1	56.4	70.5	193	138.1	117.4	68.7	196.6	168.1	295.1	170.9	269.6	77.4	255.7	180.9	0	15.9	25.8	32.8	57.1	20.5	8.6	38.1	15.4	3.9	17.8	47.6	79	51.9	22.1
3.7	16	38.6	13.1	55.2	80.7	10.1	83.4	151	36.5	11.7	67.1	22.4	18.2	91.3	35.7	78.2	225.9	13.1	15.3	0	12.8	0.5	4	30.2	0	61.3	64.7	55.9	52.6	56.2	55.2	58.9	191.1	192.6	184	184.3	50.4	53.3	33.2	8.5	30.6	111.2	42.6	47.6	21.1	109.1	35.1	90.8	81.1	116.1	21.5	11.9	105.9	85.1	89.2	299.2	11.9	32.2	8.7	45.5	65.8	23.1	48.6	23.7	10.7	60.8	33.7	108.9	102.1	20.2	24.8
0.2	0.4	2.9	14.6	40	50.1	24.4	42	133.6	64.1	10	22	10.2	11	74.7	49.7	61	370.3	1.2	7.8	8.1	146.6	30.6	15.3	2.5	0.2	156.2	132.1	62.8	66.9	94	72.3	74.7	86.5	86.9	134.2	136.7	110.4	77.7	98.1	80.3	51.8	48.7	33.8	29.9	68.4	172	248.3	97.2	207	46.7	156.4	93.5	72	93.9	76.3	16.2	19.3	16	13.6	5.4	47.2	8.2	31.1	9	6.8	5.7	16.5	64.8	44.9	49.1	46.8
34.9	47.5	37.3	45.9	50	64	41.5	11.9	107.3	25.5	7.2	17.1	8.8	6.4	46.9	45.4	10.9	153.4	10.6	7.3	36.4	67.3	51.2	54.9	11.7	0	113.7	141.2	51.9	50	273	152.2	86.9	98.9	90.3	99.3	99.8	52	44.4	77.4	69.4	31.6	36.6	66.1	61.2	133.5	107.2	134.2	88.6	173.1	38.2	135.9	93.5	102.9	66.7	86.9	14.9	2.2	5.1	4.3	2.3	61.9	9.1	28.5	1	9.5	10.4	7.7	103	93.5	41.5	39.3
38.3	9.5	0	1	39.1	36.3	0.9	19.6	111.6	41	31.9	51.9	76.9	26.3	89.6	82	153.9	323.6	15.9	8.1	2.5	16.4	7.4	3.2	9.4	0	116.5	109.9	26.2	25.3	57.3	97.2	74.7	88.5	89.4	102.7	98.7	66.3	62.8	28.6	11.8	21.5	41.6	78.5	62	120.6	90.5	122.7	90	130.5	4.3	151.9	132.1	59.6	54.2	82.6	0.4	18.9	2.6	3.4	1.4	60.3	8.4	9.9	1.9	9.2	11.9	8.4	61	87.5	5.6	6.4
1.8	0.6	9.4	4.8	55.6	41.7	9.6	63.3	140.4	73.7	4.6	15	19.2	5.3	32.3	61.7	65.9	255.3	55.5	15.8	69.2	62.3	0	74.7	39.8	0	33.7	40.6	70.6	75.9	145.5	116.8	49.3	32.6	32.6	44.3	45.1	27.8	25.2	43.5	48.1	29.3	42.5	78.8	98.6	175.3	62.1	79.8	58.1	119	26	80.3	142.1	33.8	46.7	38.9	71.4	5.3	6.6	6.6	12.6	101.3	17.2	30.2	19.9	14.9	17	17.2	46.5	61.9	73.7	63.2
1.3	74.7	13.8	39.7	28.3	35.4	0.6	94.5	100.1	46.1	17.6	65.3	43.2	28.1	142.2	31.2	336.8	310.1	38.9	53	14.2	112.6	13.6	11	20.5	0	79.1	72	102.6	96.5	193.2	129.1	63.3	58.6	62.5	35	35.8	18.7	42.6	36.7	55.6	46.3	118.5	193.5	108.2	192	86.2	102.4	64.8	100.5	49.5	103.1	179.5	30.5	41.7	50.9	26.2	37.4	9	5	74.7	11.6	0	9.2	11.3	4.1	4.5	1.3	49.5	42.1	24.1	23.2
16.7	23.2	12.3	53.9	38.2	30.1	33.1	23.3	66.5	59.1	26.8	9.9	27.8	25.3	35.1	38.7	119.7	152.6	65.4	35.2	15	69.7	8	0.5	8.1	3	142.9	131.5	173.3	156.8	107.7	83.2	53	82.5	76.1	82.6	82.9	66	31.5	61.7	114.8	77.6	44.9	66.1	126.4	55.3	55.1	77.5	26.3	79.2	38.9	34.8	53.1	59.1	43.2	75.6	15.8	19.3	33	36.4	11.3	52.7	14.1	19.5	35.7	47.9	46.2	15.3	93.4	116.4	103.1	77.7
97.5	8.7	36.1	16.7	2.7	29.7	6.4	120.4	162.4	47.5	9	15.1	5	8.9	34.9	44.3	1.3	86.3	186.2	31.2	51.2	59.4	0	12.2	1.6	0	91.9	128.4	27.4	28.6	10.4	48.9	27.3	99	93.7	124.2	124	62.8	62	73.6	57.5	133.9	172.4	50.7	86.4	191.1	84.9	112.7	57.9	67.3	169	47.4	90.5	134.4	42.1	98.8	91.5	0	53.8	41.9	25.9	66.1	17.4	17.8	15.5	46.1	44	2.1	109.1	97	86	74.5
1.1	0	58.8	55.9	1	4	15.1	129.1	96.9	87.5	33.4	6.5	16.4	20.2	100	6.5	18	149.7	17.9	61.9	0.6	36.7	11.6	4.2	0	0	18	40.8	59	55	83.8	122.6	115.6	164	165.5	106.6	122.6	42.1	108.1	21	77.5	74	80.3	141.7	119.5	93.5	46.5	15.8	64.9	43.7	429.5	85.6	32.2	98.3	59.2	84.6	241.4	5.5	58.3	100.6	22.3	15	32.1	0.4	12.6	27.1	18	1.2	153.4	183.2	99.3	86.8
28.2	21.4	18.8	44.7	53.7	115.7	21.5	74.7	214.9	140.2	23.9	24.2	4.2	8.3	27.1	31.8	0.2	59.1	10.1	48.3	7.7	114.9	61.4	269.6	26	6.7	164.2	149.3	2.7	2	60.9	63.2	22.5	55.2	53.8	105.1	126.7	14.8	107.4	57.3	17.3	11.7	97.3	139.8	74.9	280.9	147.7	127.2	73.7	129.6	49.7	135	265.3	92.9	110.5	42.5	118.8	0	61.4	52.2	54.6	220	3.9	7.9	7.9	44.9	133.1	17.8	25.2	28.8	2.6	17.8
17.1	14.3	36	18.4	23.7	45.5	2.8	74.7	47.1	163.6	0	11.9	0.7	0	15.3	6.8	0	0.7	49.8	51.6	20.9	57.7	77.9	45.5	35.8	7.3	58.8	65.8	71.6	68.5	257.1	40.5	130.2	67.3	73.8	142.7	126.6	100.6	45.7	64.5	63.7	69.5	309.1	142.5	83.2	258.6	39.8	55.7	83.4	68.2	302.1	106.8	117	78.2	46.1	92	228.1	0	9.3	6.4	4.7	31.5	0.9	3.9	4.1	23.7	27.6	10.9	72.4	58.9	16.9	7.1
189.2	31.8	26.7	65.3	72.6	18.5	17	68.2	107.2	41.1	0	5.4	0	0	30.2	7.6	0	13.8	35.7	3.8	25.4	110.1	18.1	26.7	55.7	0	139.1	153.8	24.4	28	224.4	127.9	52.7	69.6	73.6	72.4	68.6	153.5	114.8	36.6	17	40.1	19.1	77.2	73.2	132.9	138.1	118.1	107.4	159.7	60	174.9	154.1	164.8	98.8	67.4	58	0.4	1.2	0	52.4	59.9	7	6.5	7.4	2.3	1.8	23.8	204.3	90.5	42.7	42.5
7.5	0	6	6.4	15.9	9.5	3.7	62.7	154.2	249.8	19.2	18.9	15.1	16.4	103	57.9	29.7	351.3	27.4	92.7	3.2	49	0	0	12.1	7.7	82.4	97.6	17.7	11.6	42.4	12.9	14.2	108.8	118.7	56.8	55.9	108.7	135.8	77.1	143.1	97.6	14.1	12.1	58.2	87.6	31.3	61.6	39.4	114	44.2	37.6	26.3	111.6	105.4	98.3	109	1.2	26.4	35.3	16.2	42.3	15.8	15.9	4.1	59.9	12.2	11.3	179.8	139.2	31.9	32.9
0	0.6	0	0	22.7	11.4	0	75.2	17.8	22.2	19.9	63.4	20.7	20.8	71.6	57.9	361.5	347.5	8.1	12.4	16.7	45.4	3.9	4.5	36.9	0	14.6	21.9	12.9	10.9	59.6	11.1	20.7	29	26.4	25.6	24.7	26.9	48.5	18.2	38	32.2	44.8	32.2	31.8	68.4	35.1	42.8	28.3	54.9	5.1	32.4	31.8	26	25.9	30.5	10.4	25.2	14.5	18.7	74.7	2.2	8.3	17.7	8.7	13.5	1.1	7.5	40.7	22.5	5.9	1.9
2.1	9.3	15.1	19	63	56.8	5	115.7	166	103.9	27.4	78.4	46.2	51.9	72.1	88.2	349.7	270.2	40.9	4.6	0	38.7	30.5	45.2	54.1	0.5	125.6	111.2	11	10.7	140.4	68.7	17.4	164.6	161.8	190.2	190.1	57.1	48.7	44.9	56.5	44.5	111.4	110.8	104.9	244.2	149.1	145.5	151.2	145.8	51.9	74.7	153.5	108.8	62.3	144.4	51.9	69.7	9.8	8	5.4	77	2.8	17.4	6	18.8	15.5	36.6	125.5	98.7	46.5	50.2
33.2	3.8	12.9	9.4	33.4	39	3.2	33.4	145	110.5	30.6	33.9	6.5	33	36.4	32.4	19.2	291.8	7.6	23.8	23	61.7	20.3	24.3	12.6	1.9	221.4	231.1	25.7	28.2	211.5	109.4	15.7	35.9	38.1	56.4	54.8	66.2	65.8	86.9	21	27.6	17.5	46.8	33	178	116	139.1	113	187.1	11.5	261.1	174.4	59.5	47.3	46.7	18	24.9	19.8	13.6	1.1	27.3	5.2	11.7	6.5	10.3	4.2	29.2	24.5	49.7	21.4	20.9
0	6.1	23.3	37.7	62.3	45.9	8.8	188.5	99.7	119.9	5.4	15.6	9	5.9	24.8	19.9	7	188.5	27.5	31.7	0.6	76.7	28.1	11.5	12.4	0	90.2	95.5	78.5	75.6	134.4	82.9	41.4	125.4	132.3	167.6	142	73	88.5	75.3	41.4	32.4	224.6	454.9	397.3	202.7	35.1	58.6	170.6	68	78.8	127.2	312.5	61.9	74.7	59.2	45.9	6.1	1.9	1	7.5	46	6.2	42.3	25	3.6	1.5	14.7	83.8	89.8	20.6	15.2
0	0.9	1.9	9	33.2	20.2	25.1	111.4	136.9	94.2	8.7	22.9	5.4	3.7	55.9	40.9	88.8	241.3	24	26.4	0	69	2.2	6	33.8	0	97.8	84.2	24.5	39.6	98.3	73.5	33.7	65.4	68.3	70.1	69.3	35.9	52.8	54.4	55.8	56.6	90.4	96.6	69.2	87.2	117.9	155.1	95.2	188.9	63.8	134.6	84	63	20	49	36.2	16.8	45	47.5	5	82	10.3	18	21.6	21.1	6.2	17.7	67.5	62.5	58.4	51.1
0	0	4.8	4.3	75.3	28.4	21.1	242.2	76.1	91.5	13.1	9.3	18	10.6	76.3	58.9	10.6	217.3	87.4	31.7	73	160.3	2.9	1.1	59.2	0	144.7	153.4	137.7	122.9	135.6	43.5	92.1	52.3	50.3	47.8	46.3	206.4	96	200.9	156.6	106.9	126.4	79.7	76.6	144.1	107.9	136	93.9	221.4	113	177.6	133.8	46.7	90	68.4	96.6	5.3	18.6	20.1	73.2	184.9	69.8	81.4	58.4	63.4	39.5	23.5	47.7	42.5	104.5	97.4
3.3	1.9	6.6	3.8	41.6	2.7	12.7	72.1	102.1	80.3	32.9	16.7	14.6	23.6	59.1	40	12.9	95.4	100.2	117.5	50.8	223.1	0	0	24.6	6.3	218.2	184.7	167.3	163.4	110.1	68.5	92.9	143.5	128.6	101.4	96.7	110.4	51	89.2	235.2	170.2	63.6	18.9	32.9	203.3	124.6	156.3	96	197.5	162.5	180.8	68.2	83.1	75.1	77.1	221.7	0	131.1	131.1	35.8	97.9	24	43.1	93.7	159.5	129	24.3	119.2	142.8	189.5	179.9
12.7	6.7	115.2	47.3	4	7.9	23.2	188.3	186.3	104.1	31.3	9.9	11.2	21.2	75.3	4.8	13	92.7	138.9	23.7	39.2	64.8	0	15.5	0	0	205.7	231.4	104.9	125.7	112.1	41.6	132.8	175	175.4	252.4	245.9	144.6	66.9	196.6	98.1	175.6	174.9	237.6	222	111.3	180.1	110.1	204.9	104.9	233.4	138.3	98.5	321.4	77.7	89.4	136.6	0	114.3	104.5	6.8	28	45.2	4.9	71.4	53.9	63	0	147.6	160.4	59.5	71.7
70.1	79.4	84.6	24.5	58.8	108.6	17.2	143.7	90	57.9	6.4	4	35	0	10.8	37	0	5	24.3	161.7	51.2	35.1	44.9	106.1	18.8	23.2	359.6	393	149.3	156.1	110.1	71.4	119	71.2	91.6	43.6	54.7	60.7	110.8	38.9	29.7	39.4	229.6	215.7	219.5	100.4	188.9	231.9	237.5	254.3	102	241.2	151.4	81.2	89.8	124.6	160.3	0	77.3	34.3	35.2	107.2	77.9	5.2	47.2	32.9	21.5	16.4	81.9	142.9	24.7	40.4
4.6	9.8	22.5	96.2	49.9	66	36.2	118.5	228.5	75.9	10.5	0.7	9.2	4.3	57.7	7.7	6.6	89.1	47.2	47.1	66.6	0.4	36.3	70	15.2	0.3	155.9	188.7	74.7	54.5	20.6	5.1	114.5	84.1	70.4	114	105.7	3.5	63.8	105.5	13.1	17.7	132.3	267.3	227.5	149.1	150.2	154.6	116.5	115.7	133.9	139.8	129.4	181	94.4	139.8	87.5	0	84.3	59.7	26.1	85.6	21.8	1.8	65.6	25.6	56.6	7.3	139.9	139	25.7	41.7
22.1	75	26.7	46.7	94.7	222.7	66.6	35.9	68.8	42.2	28.7	56	92.8	45.6	75.6	65.2	22	269.1	22.5	82.6	142.6	45.9	8.7	67.2	101.8	0.5	105.6	78.7	47.8	46.8	120.3	160.3	53.5	191.7	74.7	110.3	107.7	7.5	65.3	32.3	54.2	47	38	52.4	27.3	81.9	38.2	95.5	57.1	87.9	122.6	86.9	42.2	75.6	70.5	89.2	65.1	0	26.8	33.8	120.8	74.7	29.8	90.2	67.9	42.9	54.8	58.4	168.3	199.5	83	56.4
17	3	4	17.5	68	43.5	5.2	36.1	54.5	68.3	9.4	13.8	24.6	4.3	23.6	37	0	65.6	70.4	50.5	3.1	78.9	0	0	33.5	4.3	38.3	54	48.9	50.8	150	285.4	65	17.2	15.1	28.1	28.5	88	90.2	73	79.4	73.6	4.6	16.4	11.1	52.1	120	93.7	14.7	37.3	19.9	9.4	49.8	76.6	107.9	73.6	34.5	0	4.8	7.2	42.1	53.9	57.1	80.7	23.5	99.1	133.4	65.4	25.8	70	92.9	98.1
6.4	6.6	31.6	15.2	32.7	56.7	10.2	84.8	96	66.5	5.8	7.9	11	9	47.9	36.4	36.4	245.2	14.8	23.8	95.7	40.3	58	33.5	44.4	5.6	87.6	93.3	41.7	43.4	115.7	201.3	13.7	70.2	63.6	115.7	113	23.7	129.1	55.1	39.4	49.1	42.1	89.3	109.4	148	58.7	85.6	52.2	98.8	86.5	115	94.1	67.3	50	91.6	41.3	12	9.7	8.8	2.1	45.9	6.5	5.1	14.7	5.9	4.9	18.4	95.7	107.4	34.1	31.8
44.7	8.7	7.8	5.8	32.2	5.4	1.9	59.2	186.6	141.2	6.9	10	12.1	7.3	41.6	77.4	3.2	192	35.7	25.4	67.9	31.9	10.5	17.6	46.9	1.5	161	206.2	20.6	19.5	99.9	79	12.4	103.9	104.3	125	127.7	51.6	62.2	37.4	21	32.6	105.3	121.5	89.4	134.9	125.2	132.9	219.5	196.1	32.1	245.2	213	103.8	62.4	81.9	16.3	7.3	18.7	14.4	6.5	53.8	0	74.7	7	36	29.4	74.7	104	74.7	7	5.1
0	0	0	4.5	37.7	0.8	7.1	83	71.8	71.4	16.8	18.4	13.4	16.4	70.1	44.7	8.6	319.4	8.6	20.7	12.7	20.3	0	0	31.2	0	49.4	61.6	3.7	3.8	43.1	8.8	12.4	80.5	79.8	97.6	93	38.9	73.2	58.3	8.7	26.2	71.4	63.4	67.2	46.6	71.4	57.4	83	81	164.6	48.5	44.8	75.8	49.1	67.8	72.6	7.5	2.3	2.1	26.3	149.7	1.7	20.5	8.8	8.1	7.7	18.3	97.4	112.9	7.5	9
4	2.3	1.6	2.3	45.1	13	15.8	81.5	140.5	4.9	37.2	28.8	52.9	44.4	73.3	126.7	166.9	248.1	16.1	10.8	13.5	58.6	0.9	2.4	15	13.4	80.9	79.6	15.3	13.3	108.4	57.6	38	111.7	113.7	123.7	121.4	75.9	55.2	121.5	54.8	25.1	74.7	169.6	131	167.5	105.6	131.9	96.7	140.5	66.5	128.9	133.1	133.8	44	61.5	80.1	50.5	2.7	3	10	173.4	4.7	4.2	15.7	9.2	11.8	10.2	79.9	93.6	25.6	20.3
1.9	0.5	7.4	5.1	44.9	40.3	19.3	179.8	109.7	49.6	36.5	51.4	21.9	25.5	119.6	123.9	192.9	474.6	23.9	47.7	32.2	33.8	6.8	49.2	19.4	0	66.3	60.4	37	35.3	151.3	71.7	13.2	118.8	116.4	195.4	195.9	33.9	52.4	27.7	14.8	24.4	84.7	162.5	177.9	130.9	60.4	110.2	85.3	117.3	87.9	87.3	213.2	87.8	29.7	74.6	56.9	25.6	11.8	13.1	17.2	95.8	5.5	41	6.7	40.7	42.3	19.8	74.7	98.3	4.1	1.6
7.3	3.4	4.3	14.6	59	44.4	37	156.8	72.1	120.9	25.9	25.4	16.4	40.9	64	54.7	27.9	218.9	40.9	50.9	2	76.7	0.2	2.6	14.9	0.5	166.3	125.3	19.3	25.6	163	52.5	129.9	62.6	68.2	130.4	130.3	99.3	95.7	74.4	74.7	165.2	98.9	324	265.3	379	170.1	168.7	113.9	222.1	168	224.1	216	107.1	75.5	76.7	55.2	22.5	36.6	28.2	4.9	77.7	14.9	27.6	12.7	46	50.7	23.4	66.6	127.4	126.7	98.9
